Date,DAX,SPY,BAC,JNJ,AAPL,VWAGY
2016-09-29,10405.540039,196.017593,13.70601,102.739502,26.301737,13.338478
2016-09-30,10511.019531,197.496796,14.149014,103.492912,26.50572,13.74743
2016-10-04,10619.610352,196.017593,14.284626,104.097435,26.49399,13.771206
2016-10-05,10585.780273,196.885056,14.564898,104.412819,26.50572,13.999459
2016-10-06,10568.799805,197.021957,14.664344,104.036102,26.702663,13.944774
2016-10-07,10490.860352,196.346313,14.582977,104.465363,26.742517,13.904354
2016-10-10,10624.080078,197.368927,14.73667,104.956001,27.209099,14.096941
2016-10-11,10577.160156,194.876236,14.564898,103.063629,27.267717,13.885333
2016-10-12,10523.070313,195.131943,14.492569,103.352753,27.511551,13.82827
2016-10-13,10414.070313,194.492767,14.311751,103.606819,27.427145,13.752186
2016-10-14,10580.379883,194.593201,14.465448,102.993561,27.579544,13.794983
2016-10-17,10503.570313,193.917572,14.510653,103.808311,27.560789,13.680857
2016-10-18,10631.549805,195.131943,14.700509,101.10994,27.542036,13.714144
2016-10-19,10645.679688,195.65239,14.890367,100.391548,27.459969,13.825892
2016-10-20,10701.389648,195.287155,14.971735,100.636841,27.4459,13.970927
2016-10-21,10710.730469,195.378464,15.071186,99.384048,27.338051,13.847291
2016-10-24,10761.169922,196.209366,15.161598,99.532974,27.584236,13.954284
2016-10-25,10757.30957,195.551926,15.11639,99.839607,27.724909,13.861557
2016-10-26,10709.679688,195.159302,15.25201,100.365273,27.101246,13.871067
2016-10-27,10717.080078,194.638855,15.288168,101.364006,26.841,13.932409
2016-10-28,10696.19043,194.063599,15.080231,101.039841,26.662804,14.018479
2016-10-31,10665.009766,194.072769,14.917494,101.618073,26.620598,14.144494
2016-11-01,10526.160156,192.666641,15.016944,101.048615,26.139959,13.951906
2016-11-02,10370.929688,191.50705,14.89941,100.628082,26.163403,13.609529
2016-11-03,10325.879883,190.630463,14.89941,100.777016,25.882969,13.45736
2016-11-04,10259.129883,190.420502,14.962693,100.84713,25.649656,13.381276
2016-11-07,10456.950195,194.620621,15.378577,102.205078,26.019653,13.386031
2016-11-08,10482.320313,195.497147,15.369534,102.546738,26.172829,13.400297
2016-11-09,10646.009766,197.569839,16.246508,105.402802,26.130411,13.124493
2016-11-10,10630.120117,198.062851,16.960733,104.728203,25.40221,13.131625
2016-11-11,10667.950195,197.606308,17.195799,103.790779,25.553038,13.26715
2016-11-14,10693.69043,197.761566,18.154135,102.152489,24.912027,13.181556
2016-11-15,10735.139648,199.304642,18.226467,101.907188,25.241957,13.283793
2016-11-16,10663.870117,198.930267,17.855783,101.94223,25.920671,12.991345
2016-11-17,10685.540039,199.952942,18.154135,102.126213,25.911245,13.069808
2016-11-18,10664.55957,199.505478,18.081804,101.764534,25.937164,12.88673
2016-11-21,10685.129883,201.012054,18.380159,101.446968,26.33073,13.136381
2016-11-22,10713.849609,201.404709,18.353037,99.453308,26.347223,13.169667
2016-11-23,10662.44043,201.514252,18.588099,99.744423,26.212894,13.23624
2016-11-25,10699.269531,202.26297,18.859331,100.679482,26.344868,13.359877
2016-11-28,10582.669922,201.313416,18.353037,99.79734,26.293018,13.1768
2016-11-29,10620.490234,201.706024,18.343998,99.223946,26.267097,13.131625
2016-11-30,10640.299805,201.222076,19.165234,98.183022,26.045574,12.996101
2016-12-01,10534.049805,200.482529,19.510061,98.253571,25.802841,12.948548
2016-12-02,10513.349609,200.582932,19.265051,98.765236,25.89946,12.924772
2016-12-05,10684.830078,201.788208,19.818594,98.747589,25.713285,13.305192
2016-12-06,10775.320313,202.427368,20.108974,98.853447,25.911245,13.336102
2016-12-07,10986.69043,205.075211,20.481028,98.006584,26.165762,13.761696
2016-12-08,11179.419922,205.577393,20.825857,97.909554,26.422636,13.672297
2016-12-09,11203.629883,206.819183,20.952894,99.029877,26.853901,13.552465
2016-12-12,11190.209961,206.581802,20.517319,101.764534,26.70072,13.538199
2016-12-13,11284.650391,207.960541,20.517319,102.232071,27.146126,13.690368
2016-12-14,11244.839844,206.243988,20.571772,101.438133,27.146126,13.576241
2016-12-15,11366.400391,207.09314,21.016418,102.232071,27.29459,13.600019
2016-12-16,11404.009766,206.688065,20.5627,102.223251,27.329943,13.841584
2016-12-19,11426.700195,207.138092,20.399351,102.346741,27.487835,13.780717
2016-12-20,11464.740234,207.937195,20.60807,102.02919,27.560892,13.814004
2016-12-21,11468.639648,207.358521,20.535469,101.720421,27.586819,14.241977
2016-12-22,11456.099609,207.000366,20.453802,101.835098,27.405354,14.218201
2016-12-23,11449.929688,207.303482,20.508251,102.293816,27.459557,14.049388
2016-12-27,11472.240234,207.81778,20.517319,102.249718,27.633949,14.023234
2016-12-28,11474.990234,206.100281,20.263243,101.535187,27.516117,13.823514
2016-12-29,11451.049805,206.054352,19.963781,101.879189,27.509048,13.690368
2016-12-30,11481.05957,205.301224,20.054531,101.63221,27.29459,13.640437
2017-01-03,11584.240234,206.871765,20.444729,102.187958,27.372362,14.161138
2017-01-04,11584.30957,208.102493,20.825857,102.02037,27.341724,14.11834
2017-01-05,11584.94043,207.937195,20.580843,103.087769,27.48077,14.384634
2017-01-06,11599.009766,208.681107,20.580843,102.593758,27.78713,14.282395
2017-01-09,11563.990234,207.992294,20.462872,102.576103,28.041647,14.898201
2017-01-10,11583.299805,207.992294,20.816782,102.470261,28.069925,14.960019
2017-01-11,11646.169922,208.580124,20.934746,101.208794,28.220749,15.566315
2017-01-12,11521.040039,208.056564,20.798632,101.111755,28.102919,15.389418
2017-01-13,11629.179688,208.534164,20.880302,101.094093,28.053429,15.25009
2017-01-17,11540.0,207.799423,20.009155,101.332268,28.279673,14.983796
2017-01-18,11599.389648,208.258621,20.535469,101.182327,28.277311,14.893446
2017-01-19,11596.889648,207.487137,20.444729,100.741241,28.227821,15.072243
2017-01-20,11630.129883,208.249451,20.544548,100.697144,28.279673,15.199208
2017-01-23,11545.75,207.70755,20.471954,100.485428,28.298521,15.81121
2017-01-24,11594.94043,209.039352,20.825857,98.588814,28.272596,15.972889
2017-01-25,11806.049805,210.848679,21.206984,99.506241,28.722713,16.044216
2017-01-26,11848.629883,210.628265,21.270502,98.659363,28.736858,15.825474
2017-01-27,11814.269531,210.297592,21.197905,100.01786,28.73921,15.547292
2017-01-30,11681.889648,208.993393,20.825857,99.79734,28.663801,15.16925
2017-01-31,11535.30957,208.975021,20.544548,99.903191,28.597815,15.2596
2017-02-01,11659.5,209.057678,20.771412,99.885559,30.341724,15.321419
2017-02-02,11627.950195,209.195465,20.617142,100.185493,30.289883,15.183517
2017-02-03,11651.490234,210.637436,21.134386,100.247238,30.419498,15.281475
2017-02-06,11509.839844,210.260864,20.980127,100.03553,30.704649,14.883935
2017-02-07,11549.44043,210.270035,20.780483,100.106102,30.996874,14.850649
2017-02-08,11543.379883,210.545578,20.571772,100.03553,31.117056,14.698481
2017-02-09,11642.860352,211.794662,20.980127,100.635368,31.341915,14.584354
2017-02-10,11666.969727,212.630447,20.943823,101.658669,31.270905,14.816887
2017-02-13,11774.429688,213.787735,21.234205,102.223251,31.547823,15.0789
2017-02-14,11771.80957,214.641846,21.833117,102.646675,31.957304,15.159739
2017-02-15,11793.929688,215.762375,22.304989,103.387665,32.073269,15.08841
2017-02-16,11757.240234,215.578705,22.304989,104.163979,32.0354,14.988551
2017-02-17,11757.019531,215.918518,22.250547,104.852036,32.122974,14.679461
2017-02-21,11967.490234,217.204391,22.486479,105.557777,32.354927,14.88869
2017-02-22,11998.589844,217.011459,22.495554,105.434265,32.451969,14.634285
2017-02-23,11947.830078,217.158447,22.304989,107.357346,32.314697,14.698481
2017-02-24,11804.030273,217.43396,21.987385,108.982384,32.345459,14.546312
2017-02-27,11822.669922,217.773788,22.295912,108.689331,32.409355,14.627151
2017-02-28,11834.410156,217.186005,22.395735,108.520607,32.423565,14.432187
2017-03-01,12067.19043,220.226028,23.210373,109.985779,33.086281,14.727012
2017-03-02,12059.570313,218.839172,22.964611,109.78154,32.889843,14.703236
2017-03-03,12027.360352,218.976974,23.15576,109.92363,33.083912,14.841137
2017-03-06,11958.400391,218.32489,22.982819,109.852585,32.979778,14.669949
2017-03-07,11966.139648,217.672775,22.946413,109.959145,33.022381,14.672326
2017-03-08,11967.30957,217.268616,22.99192,110.198898,32.899303,14.527291
2017-03-09,11978.389648,217.544144,23.073841,111.84166,32.82357,14.417921
2017-03-10,11963.179688,218.306473,23.037432,112.072548,32.93243,14.584354
2017-03-13,11990.030273,218.416687,23.028332,112.489906,32.946644,14.77932
2017-03-14,11988.790039,217.580887,23.046535,112.818459,32.896935,14.59862
2017-03-15,12009.870117,219.463745,22.919106,114.514503,33.244862,14.641418
2017-03-16,12083.179688,219.032043,22.955511,114.070511,33.299305,14.691348
2017-03-17,12095.240234,218.647385,22.627832,113.715317,33.133621,14.40841
2017-03-20,12052.900391,218.407562,22.24555,113.724205,33.481556,14.337081
2017-03-21,11962.129883,215.603348,20.953053,112.996063,33.098114,14.108829
2017-03-22,11904.120117,216.110672,20.880234,112.116951,33.472084,14.40841
2017-03-23,12039.679688,215.880051,20.99856,111.797264,33.353737,14.317584
2017-03-24,12064.269531,215.723267,21.044077,111.424316,33.287468,14.322816
2017-03-27,11996.070313,215.501862,20.962152,111.708458,33.344276,14.40841
2017-03-28,12149.419922,217.070023,21.371748,111.584167,34.0354,14.541557
2017-03-29,12203.0,217.272964,21.253422,110.927048,34.111126,14.455962
2017-03-30,12256.429688,217.964783,21.726728,110.696167,34.066158,14.339459
2017-03-31,12312.870117,217.457443,21.471869,110.598488,34.002254,14.260998
2017-04-03,12257.200195,217.079239,21.471869,110.722816,34.011723,14.251486
2017-04-04,12282.339844,217.217621,21.335339,110.713943,34.264988,14.099319
2017-04-05,12217.540039,216.571884,21.089582,110.820503,34.087463,13.932885
2017-04-06,12230.889648,217.180679,21.171505,111.042473,34.002254,13.861557
2017-04-07,12225.05957,216.95932,21.080479,110.927048,33.926525,13.818759
2017-04-10,12200.519531,217.08847,20.953053,110.41201,33.88628,14.075543
2017-04-11,12139.349609,216.830154,20.862028,110.305443,33.521793,13.970927
2017-04-12,12154.700195,215.880051,20.616272,111.353287,33.562027,14.023234
2017-04-13,12109.0,214.477936,20.334108,110.98922,33.384514,13.861557
2017-04-18,12000.44043,215.732483,20.670887,108.174301,33.42001,14.436466
2017-04-19,12016.450195,215.335846,20.698193,107.774712,33.296928,14.703236
2017-04-20,12027.320313,217.08847,20.99856,108.218689,33.713505,14.757446
2017-04-21,12048.570313,216.396606,20.670887,108.12101,33.673267,14.665195
2017-04-24,12454.980469,218.776535,21.50828,109.124443,33.997528,15.150229
2017-04-25,12467.040039,220.049515,21.826851,109.603943,34.208176,15.373727
2017-04-26,12472.799805,219.911133,21.74493,109.674995,34.006989,15.278622
2017-04-27,12443.790039,220.095596,21.526484,109.879227,34.033024,15.131208
2017-04-28,12438.009766,219.615967,21.24432,109.639473,33.999893,15.292887
2017-05-02,12507.900391,220.252441,21.417265,109.843697,34.913494,15.311909
2017-05-03,12527.839844,219.984955,21.635706,109.515144,34.806984,15.131208
2017-05-04,12647.780273,220.243225,21.708521,110.065681,34.681557,15.33093
2017-05-05,12716.889648,221.110275,21.608406,109.674995,35.256687,15.525895
2017-05-08,12694.549805,221.07341,21.808645,109.444107,36.215271,15.426033
2017-05-09,12749.120117,220.870483,21.826851,109.4086,36.447224,15.242957
2017-05-10,12757.459961,221.267151,21.98159,109.053406,36.274441,15.202537
2017-05-11,12711.05957,220.815155,21.908768,109.399712,36.58815,15.221558
2017-05-12,12770.410156,220.446167,21.845053,109.790421,37.099125,15.288132
2017-05-15,12807.040039,221.663818,21.899664,112.765182,37.004055,15.440301
2017-05-16,12804.530273,221.460861,21.835955,113.457802,36.949409,15.525895
2017-05-17,12631.610352,217.531235,20.543455,112.481033,35.708809,15.202537
2017-05-18,12590.05957,218.407562,20.698193,112.747429,36.253052,15.093166
2017-05-19,12638.69043,219.82814,20.980356,112.774048,36.376633,15.154985
2017-05-22,12619.459961,220.94429,20.971256,113.004936,36.597668,15.354706
2017-05-23,12659.150391,221.433182,21.289831,113.235809,36.552509,15.2596
2017-05-24,12642.870117,221.949768,21.262522,113.226936,36.443176,15.297642
2017-05-25,12621.719727,223.01059,21.162401,113.995674,36.569141,15.240579
2017-05-26,12602.179688,222.964447,21.153297,113.450401,36.507351,15.164495
2017-05-30,12598.679688,222.770737,20.852924,113.620224,36.52161,15.076523
2017-05-31,12615.05957,222.715363,20.464817,114.639236,36.305336,14.940998
2017-06-01,12664.919922,224.486465,20.665716,115.113014,36.405155,15.014705
2017-06-02,12822.94043,225.233658,20.50135,116.275047,36.944645,15.257697
2017-06-06,12690.120117,224.348114,20.30044,116.945442,36.706985,14.988551
2017-06-07,12672.490234,224.763199,20.638325,116.873924,36.925636,14.873949
2017-06-08,12713.580078,224.873932,20.976208,116.69516,36.83532,14.769809
2017-06-09,12815.719727,224.532623,21.61545,117.571152,35.406967,14.698481
2017-06-12,12690.44043,224.486465,21.715899,117.830376,34.560894,14.907712
2017-06-13,12764.980469,225.584183,21.706768,118.009171,34.838955,14.96953
2017-06-14,12805.950195,225.298248,21.697636,118.679565,34.4991,14.784075
2017-06-15,12691.80957,224.86467,21.496735,118.920898,34.292328,14.508271
2017-06-16,12752.730469,224.913818,21.39628,120.091896,33.812263,14.384634
2017-06-19,12888.950195,226.786255,21.834616,119.841583,34.779541,14.35848
2017-06-20,12814.790039,225.256775,21.451069,119.975677,34.463455,14.382257
2017-06-21,12774.259766,225.201157,21.122316,120.592461,34.667839,14.3989
2017-06-22,12794.0,225.099213,20.93968,121.61145,34.610806,14.684214
2017-06-23,12733.410156,225.368011,20.83923,121.951111,34.765274,14.565333
2017-06-26,12770.830078,225.516312,20.903156,121.870689,34.655964,14.551068
2017-06-27,12671.019531,223.699539,21.25017,120.681824,34.159241,14.807851
2017-06-28,12647.269531,225.701721,21.807219,119.618103,34.658333,14.96953
2017-06-29,12416.19043,223.718048,22.209028,118.563354,34.147354,14.841137
2017-06-30,12325.120117,224.135178,22.154236,118.250504,34.228165,14.800718
2017-07-03,12475.30957,224.515244,22.537777,118.795769,34.10458,14.874425
2017-07-05,12453.679688,225.034317,22.75695,119.457222,34.244804,14.955264
2017-07-06,12381.25,222.976532,22.565176,118.456093,33.921585,15.200159
2017-07-07,12388.679688,224.422546,22.674761,118.473984,34.266182,15.326174
2017-07-10,12445.919922,224.663544,22.729555,117.58905,34.47533,15.278622
2017-07-11,12437.019531,224.496689,22.464727,117.302994,34.58704,15.454566
2017-07-12,12626.580078,226.183762,22.236423,118.196854,34.636944,15.616244
2017-07-13,12641.330078,226.563782,22.482992,117.866142,35.119411,15.768412
2017-07-14,12631.719727,227.620499,22.108574,118.527611,35.42123,15.984776
2017-07-17,12587.160156,227.592682,21.935068,118.125328,35.544811,15.996664
2017-07-18,12430.389648,227.713181,21.825487,120.190178,35.668404,16.006174
2017-07-19,12452.049805,228.946045,21.971598,120.860611,35.8918,16.025196
2017-07-20,12447.25,229.047974,21.862011,122.076271,35.730194,16.027575
2017-07-21,12240.05957,228.844055,21.734161,120.949989,35.713554,15.682817
2017-07-24,12208.950195,228.788452,21.834616,118.894089,36.146103,15.307152
2017-07-25,12264.30957,229.344635,22.355145,117.884026,36.300583,15.188272
2017-07-26,12305.110352,229.353867,22.108574,117.052689,36.471699,15.383236
2017-07-27,12212.040039,229.140671,22.01726,116.945442,35.782478,15.069391
2017-07-28,12162.700195,228.871857,21.944202,117.857193,35.53056,15.036104
2017-07-31,12118.25,228.742096,22.026394,118.63488,35.347557,14.955264
2017-08-01,12251.290039,229.251907,22.327744,118.447151,35.661274,15.033726
2017-08-02,12181.480469,229.363159,22.455593,118.134285,37.346294,15.026593
2017-08-03,12154.719727,228.918228,22.25469,119.197983,36.973164,14.821642
2017-08-04,12297.719727,229.335373,22.802608,119.046043,37.168053,14.7603
2017-08-07,12257.169922,229.761719,22.793472,118.760002,37.743191,14.707992
2017-08-08,12292.049805,229.196304,22.738686,118.232628,38.045029,14.665195
2017-08-09,12154.0,229.187027,22.592571,119.090744,38.277931,14.517781
2017-08-10,12014.299805,225.951981,22.026394,118.965591,37.058712,14.337081
2017-08-11,12014.05957,226.28569,21.788956,118.974548,37.574085,14.455962
2017-08-14,12165.120117,228.528885,22.300352,119.314201,38.139553,14.669949
2017-08-15,12177.040039,228.501099,22.346008,119.224823,38.557091,14.698481
2017-08-16,12263.860352,228.899643,22.090315,119.930977,38.402004,14.788831
2017-08-17,12203.459961,225.330933,21.588053,118.920898,37.664745,14.58911
2017-08-18,12165.19043,224.978745,21.569792,118.554405,37.578846,14.579599
2017-08-21,12065.990234,225.154816,21.35062,119.287392,37.509666,14.508271
2017-08-22,12229.339844,227.509262,21.761562,120.404716,38.122852,14.494005
2017-08-23,12174.299805,226.693558,21.697636,118.70636,38.170567,14.584354
2017-08-24,12180.830078,226.165176,21.770693,118.786797,38.001171,14.684214
2017-08-25,12167.94043,226.693558,21.706768,118.453964,38.141937,14.874425
2017-08-28,12123.469727,226.702866,21.66111,118.507965,38.526073,14.960019
2017-08-29,11945.879883,226.962357,21.533262,118.930763,38.869652,14.802145
2017-08-30,12002.469727,228.037628,21.90959,117.905266,38.97464,14.703236
2017-08-31,12055.839844,229.409485,21.927944,119.074677,39.129723,14.712747
2017-09-01,12142.639648,229.733932,22.111519,117.869263,39.141655,14.831628
2017-09-05,12123.709961,228.083954,21.39558,116.852768,38.671619,15.038482
2017-09-06,12214.540039,228.862564,21.487364,117.545441,38.63105,15.349949
2017-09-07,12296.629883,228.834763,21.083504,118.912758,38.475971,15.582957
2017-09-08,12303.980469,228.565994,21.010077,117.824272,37.848465,15.592468
2017-09-11,12475.240234,231.00386,21.441473,119.830307,38.533234,15.659042
2017-09-12,12524.769531,231.782501,21.983017,119.308563,38.380535,15.854006
2017-09-13,12553.570313,231.893707,22.33181,119.146637,38.091831,15.785056
2017-09-14,12540.450195,231.819534,22.249197,120.702881,37.764954,15.820719
2017-09-15,12518.80957,232.131592,22.377701,120.94577,38.146713,15.972889
2017-09-18,12559.389648,232.62532,22.671425,121.782364,37.858009,16.163097
2017-09-19,12561.790039,232.858246,22.818279,121.638435,37.872318,16.186874
2017-09-20,12569.169922,232.942032,23.001858,119.839279,37.237656,16.11079
2017-09-21,12600.030273,232.317932,23.093641,118.516953,36.598213,16.220161
2017-09-22,12592.349609,232.364517,22.965139,118.193115,36.240326,16.438902
2017-09-25,12594.80957,231.889404,22.726494,117.995209,35.920605,16.148832
2017-09-26,12605.200195,232.029144,22.772385,117.788307,36.538574,16.339043
2017-09-27,12657.410156,232.932755,23.323109,116.717834,36.798649,16.258202
2017-09-28,12704.650391,233.212204,23.359827,116.46595,36.57198,16.125057
2017-09-29,12828.860352,234.031982,23.25886,116.951714,36.772392,16.075125
2017-10-02,12902.650391,235.047363,23.515862,118.040184,36.698429,16.062286
2017-10-04,12970.519531,235.829849,23.598471,119.542435,36.619701,16.448412
2017-10-05,12968.049805,237.227158,23.983978,119.812332,37.07542,16.519743
2017-10-06,12955.94043,236.957031,24.057404,119.839279,37.053932,16.547321
2017-10-09,12976.400391,236.565765,23.726973,120.046196,37.182777,16.476944
2017-10-10,12949.25,237.189896,23.800407,120.450996,37.197086,16.59107
2017-10-11,12970.679688,237.562515,23.708618,122.924812,37.352184,16.819321
2017-10-12,12982.889648,237.208572,23.359827,123.086731,37.220959,16.829784
2017-10-13,12991.870117,237.497345,23.708618,122.726898,37.457169,16.752748
2017-10-16,13003.700195,237.814041,24.08494,122.448029,38.146713,16.790791
2017-10-17,12995.05957,237.981735,24.048229,126.648987,38.287483,16.648609
2017-10-18,13043.030273,238.214615,24.305235,126.550034,38.11808,16.87163
2017-10-19,12990.099609,238.279816,24.397018,127.773415,37.216187,16.762259
2017-10-20,12991.280273,239.50943,24.938566,128.097244,37.280605,16.643379
2017-10-23,13003.139648,238.577896,24.929386,129.194717,37.261513,16.59107
2017-10-24,13013.19043,238.997101,25.406677,127.413612,37.48341,16.895407
2017-10-25,12953.410156,237.814041,25.360785,128.061264,37.318779,16.814568
2017-10-26,13133.280273,238.121445,25.461754,127.566536,37.557373,16.664776
2017-10-27,13217.540039,240.06839,25.516825,127.539513,38.903057,17.071352
2017-10-30,13229.570313,239.174118,25.333246,125.938316,39.778709,17.658623
2017-11-01,13465.509766,239.863449,25.268997,125.920326,39.81926,18.550232
2017-11-02,13440.929688,239.956589,25.581076,125.875328,40.110352,18.450373
2017-11-03,13478.860352,240.757736,25.535177,126.010269,41.157791,18.260164
2017-11-06,13468.790039,241.130356,25.47093,125.722412,41.575329,18.307716
2017-11-07,13379.269531,240.962708,24.947737,125.731407,41.708946,18.042374
2017-11-08,13382.419922,241.372528,24.589773,127.125755,42.050133,17.83219
2017-11-09,13182.55957,240.496933,24.314411,126.253166,41.964245,17.813169
2017-11-10,13127.469727,240.422363,24.332769,125.542496,41.825359,17.622961
2017-11-13,13074.419922,240.645935,24.2318,125.722412,41.657742,17.618204
2017-11-14,13033.480469,240.087021,24.08494,125.479546,41.027977,17.718063
2017-11-15,12976.370117,238.885315,24.589773,125.128746,40.486816,17.515966
2017-11-16,13047.219727,240.916092,24.562237,124.921822,40.970509,17.967716
2017-11-17,12993.730469,240.208099,24.433733,124.139191,40.743034,18.088974
2017-11-20,13058.660156,240.617966,24.543879,124.076218,40.702328,18.602541
2017-11-21,13167.540039,242.192261,24.534702,124.44503,41.459,19.068554
2017-11-22,13015.040039,241.978058,24.470449,123.500496,41.894806,18.85457
2017-11-24,13059.839844,242.536957,24.406195,124.148193,41.897202,19.225479
2017-11-27,13000.200195,242.415909,24.406195,124.989922,41.686478,19.137506
2017-11-28,13059.530273,244.875107,25.369959,126.727638,41.442242,19.089956
2017-11-29,13061.870117,244.726059,25.957403,126.537552,40.5826,19.339605
2017-11-30,13023.980469,246.868729,25.966618,126.103157,41.150101,19.743803
2017-12-01,12861.490234,246.356369,25.902098,126.691452,40.958542,19.306318
2017-12-04,13058.549805,246.058228,26.787004,125.813507,40.659222,19.192192
2017-12-05,13048.540039,245.173264,26.667173,126.410881,40.620907,19.001984
2017-12-06,12998.849609,245.219818,26.399851,127.668915,40.470047,18.569256
2017-12-07,13045.150391,245.993011,26.528906,126.718597,40.544289,18.783241
2017-12-08,13153.700195,247.334442,26.777786,127.243546,40.556255,19.068554
2017-12-11,13123.650391,248.079681,26.676394,127.74131,41.346455,19.249256
2017-12-12,13183.530273,248.517456,27.026669,129.062729,41.114178,19.11611
2017-12-13,13125.639648,248.489594,26.584213,129.325195,41.250671,19.044779
2017-12-14,13068.080078,247.474152,26.482815,128.202911,41.238701,19.149395
2017-12-15,13103.55957,249.535019,26.768566,128.936035,41.657742,18.997229
2017-12-18,13312.299805,251.117325,27.174154,128.338669,42.244408,19.380024
2017-12-19,13215.790039,250.152939,27.146498,128.320526,41.794235,19.501282
2017-12-20,13069.169922,250.021866,27.174154,127.759422,41.748737,19.263521
2017-12-21,13109.740234,250.536819,27.487556,127.668915,41.906773,19.301563
2017-12-22,13072.790039,250.471329,27.542866,126.818123,41.906773,19.296808
2017-12-27,13070.019531,250.293365,27.4046,127.225426,40.850788,19.223101
2017-12-28,12979.94043,250.80835,27.469124,127.216377,40.965725,19.349115
2017-12-29,12917.639648,249.862732,27.211023,126.456108,40.522732,19.227858
2018-01-02,12871.389648,251.651062,27.5613,126.012619,41.248272,19.397144
2018-01-03,12978.209961,253.242752,27.469124,127.216377,41.241089,19.617788
2018-01-04,13167.889648,254.31015,27.828617,127.207314,41.432659,20.195551
2018-01-05,13319.639648,256.004852,27.957668,128.257202,41.904385,20.542685
2018-01-08,13367.780273,256.472992,27.764097,128.42009,41.748737,20.552195
2018-01-09,13385.589844,257.053558,27.902361,130.456543,41.74395,20.585482
2018-01-10,13281.339844,256.660278,28.16046,130.302658,41.73436,20.162264
2018-01-11,13202.900391,258.532837,28.261856,131.044815,41.97142,20.57835
2018-01-12,13245.030273,260.218231,28.750406,131.922699,42.404835,21.084782
2018-01-16,13246.330078,259.328735,28.796486,132.918304,42.189331,21.565063
2018-01-17,13183.959961,261.800598,28.741184,133.026932,42.886143,21.398628
2018-01-18,13281.429688,261.360535,29.017717,132.97261,42.924458,21.379608
2018-01-19,13434.450195,262.549683,29.238943,133.37085,42.732887,21.731497
2018-01-22,13463.69043,264.684387,29.441736,134.076797,42.383293,22.126183
2018-01-23,13559.599609,265.246185,29.423304,128.365829,42.392864,21.831356
2018-01-24,13414.740234,265.143188,29.580006,128.583023,41.717602,21.812336
2018-01-25,13298.360352,265.255554,29.580006,130.691818,40.972904,21.512754
2018-01-26,13340.169922,268.32663,29.681402,131.5336,41.068687,21.702965
2018-01-29,13324.480469,266.547607,29.755146,130.040176,40.218624,21.579329
2018-01-30,13197.709961,263.813629,29.386431,128.908844,39.981571,21.165621
2018-01-31,13189.480469,263.944702,29.497046,125.071373,40.091717,21.132336
2018-02-01,13003.900391,263.645142,29.957937,126.727638,40.175529,21.113314
2018-02-02,12785.160156,257.905579,29.450953,124.609779,38.432304,20.492754
2018-02-05,12687.490234,247.119308,27.893143,118.011833,37.472095,19.006737
2018-02-06,12392.660156,251.988098,28.759617,119.315117,39.03812,20.090935
2018-02-07,12590.429688,250.621124,28.805712,118.944046,38.202431,19.995829
2018-02-08,12260.290039,241.220596,27.413816,114.36441,37.151226,19.282543
2018-02-09,12107.480469,244.844055,27.957668,117.233482,37.605637,19.705759
2018-02-12,12282.769531,248.439484,28.685879,117.903229,39.120346,19.938766
2018-02-13,12196.5,249.057465,28.741184,117.622658,39.512245,20.024363
2018-02-14,12339.160156,252.418777,29.497046,117.360191,40.240749,20.293034
2018-02-15,12346.169922,255.639725,29.69062,118.772087,41.591965,20.257368
2018-02-16,12451.959961,255.714569,29.469393,120.509819,41.457321,20.228838
2018-02-20,12487.900391,254.11348,29.43252,118.446251,41.317875,19.496529
2018-02-21,12470.490234,252.849487,29.377211,117.577408,41.130344,19.225479
2018-02-22,12461.910156,253.1772,29.211294,117.577408,41.474155,19.44422
2018-02-23,12483.790039,257.212646,29.524698,119.487114,42.19545,19.487019
2018-02-26,12527.040039,260.199554,29.884192,120.297768,43.029736,19.865063
2018-02-27,12490.730469,256.950531,29.801237,119.933418,42.890293,19.263521
2018-02-28,12435.849609,254.347595,29.589222,118.302979,42.825367,18.906878
2018-03-01,12190.94043,250.649261,29.126602,115.934731,42.075233,18.564501
2018-03-02,11913.709961,251.941299,29.265388,117.337471,42.36615,18.623941
2018-03-05,12090.870117,254.853271,29.72801,118.220993,42.51281,18.635826
2018-03-06,12113.870117,255.499207,29.709507,116.790947,42.476757,19.0424
2018-03-07,12245.360352,255.405609,29.774271,117.537857,42.082439,18.826038
2018-03-08,12355.570313,256.641602,29.792776,120.288651,42.541664,18.783241
2018-03-09,12346.679688,261.107666,30.273903,121.87355,43.272568,18.783241
2018-03-12,12418.389648,260.780121,30.384935,120.807846,43.690914,18.859325
2018-03-13,12221.030273,259.094574,29.940817,122.374573,43.270161,18.379045
2018-03-14,12237.740234,257.765106,29.737261,120.52549,42.902306,18.902122
2018-03-15,12345.55957,257.484161,29.700251,121.199501,42.952797,19.199326
2018-03-16,12389.580078,257.763489,29.765017,121.764252,42.801327,19.192192
2018-03-19,12217.019531,254.275818,29.58922,118.63089,42.147354,18.79513
2018-03-20,12307.330078,254.708252,29.58922,119.514435,42.132935,18.902122
2018-03-21,12309.150391,254.219437,29.487444,119.496208,41.178425,18.816528
2018-03-22,12100.080078,247.864624,28.266129,116.02581,40.596588,18.421843
2018-03-23,11886.30957,242.581497,26.9893,113.949043,39.656502,18.008135
2018-03-26,11787.259766,249.218277,28.164351,116.034912,41.539074,18.847437
2018-03-27,11970.830078,244.978668,27.313128,115.870964,40.473965,18.564501
2018-03-28,11940.709961,244.254791,27.192852,116.089569,40.02676,18.369535
2018-03-29,12096.730469,247.375778,27.747992,116.72718,40.339329,19.040024
2018-04-03,12002.450195,245.138443,27.377893,116.909355,40.485985,19.254011
2018-04-04,11957.900391,247.761261,27.646215,118.785736,41.26017,19.106598
2018-04-05,12305.19043,249.716522,28.053322,119.059006,41.54628,19.330095
2018-04-06,12241.269531,244.151382,27.414906,116.681641,40.483589,19.120863
2018-04-09,12261.75,245.35466,27.636961,117.938644,40.885101,19.13513
2018-04-10,12397.320313,249.255875,28.201361,118.639977,41.65448,19.898348
2018-04-11,12293.969727,247.949249,27.664722,118.075249,41.459724,20.019606
2018-04-12,12415.009766,249.989151,28.35865,118.803947,41.868465,20.4666
2018-04-13,12442.400391,249.255875,27.572197,118.97702,42.010315,20.376249
2018-04-16,12391.410156,251.305206,27.692474,120.015373,42.272385,20.121843
2018-04-17,12585.570313,253.993774,27.79426,118.904144,42.854218,20.352474
2018-04-18,12590.830078,254.181839,27.32238,116.335503,42.758045,20.271635
2018-04-19,12567.419922,252.771713,27.92379,116.180672,41.54628,20.081425
2018-04-20,12540.5,250.628403,27.997808,115.369987,39.844044,19.760445
2018-04-23,12572.389648,250.590805,28.053322,115.524849,39.728634,19.482264
2018-04-24,12550.820313,247.215973,27.933041,114.941879,39.175652,19.349115
2018-04-25,12422.299805,247.827042,27.886782,115.46109,39.346344,19.082823
2018-04-26,12500.469727,250.346405,27.822018,116.599648,39.483398,19.539326
2018-04-27,12580.870117,250.58136,27.89603,116.836487,39.026585,19.517927
2018-04-30,12612.110352,248.654282,27.683228,115.215149,39.73344,19.320585
2018-05-02,12802.25,247.422791,27.368647,112.491661,42.452709,19.648697
2018-05-03,12690.150391,246.877563,27.017052,112.063553,42.529636,19.570234
2018-05-04,12819.599609,250.073792,27.109575,113.120148,44.198219,19.273031
2018-05-07,12948.139648,250.9198,27.42416,112.573654,44.517998,19.387157
2018-05-08,12912.209961,250.9198,27.692474,111.680992,44.731987,19.211214
2018-05-09,12943.05957,253.345139,28.423418,112.500771,45.046944,18.984388
2018-05-10,13022.870117,255.714096,28.580715,114.17675,45.691292,19.173172
2018-05-11,13001.240234,256.494324,28.608467,115.8983,45.517517,19.211214
2018-05-14,12977.709961,256.616577,28.793518,114.823463,45.41132,19.097088
2018-05-15,12970.040039,254.849258,28.88604,113.976364,44.9986,19.187437
2018-05-16,12996.330078,255.920837,28.738001,114.17675,45.41856,19.040024
2018-05-17,13114.610352,255.704651,28.506687,112.810463,45.131348,19.111353
2018-05-18,13077.719727,255.065491,27.997808,113.165695,44.967224,19.111353
2018-05-22,13169.919922,256.268646,28.580715,111.954262,45.172382,19.287298
2018-05-23,12976.839844,256.973724,28.164351,112.446129,45.462009,18.968697
2018-05-24,12855.089844,256.447357,27.951546,111.353081,45.41132,18.640583
2018-05-25,12938.009766,255.836349,27.905279,111.463211,45.515106,18.550232
2018-05-29,12666.509766,252.89389,26.794992,109.563728,45.350979,17.756107
2018-05-30,12783.759766,256.268646,27.285374,111.004395,45.254433,17.998623
2018-05-31,12604.889648,254.698837,26.978794,109.765594,45.102379,17.694288
2018-06-01,12724.269531,257.199371,27.313246,111.270508,45.915764,17.72282
2018-06-04,12770.75,258.421509,27.313246,111.903648,46.299515,17.718063
2018-06-05,12787.129883,258.609467,27.053118,111.472374,46.656719,17.939184
2018-06-06,12830.070313,260.771606,27.907822,112.674461,46.818428,18.245897
2018-06-07,12811.049805,260.743408,27.954266,113.169975,46.692921,18.103241
2018-06-08,12766.549805,261.514252,27.879946,113.839844,46.268139,18.020023
2018-06-11,12842.910156,261.862091,27.926397,112.555168,46.154701,17.83219
2018-06-12,12842.299805,262.2005,27.777754,112.445061,46.408119,17.803658
2018-06-13,12890.580078,261.3638,27.722008,112.527634,46.026775,17.867855
2018-06-14,13107.099609,262.021851,27.406143,112.325768,46.050911,17.979605
2018-06-15,13010.549805,261.687653,27.201757,112.509285,45.577854,17.470793
2018-06-18,12834.110352,261.149384,27.313246,111.325546,45.553711,17.02142
2018-06-19,12677.969727,260.148438,27.183182,112.472572,44.817581,16.619602
2018-06-20,12695.160156,260.592285,27.164598,111.986244,45.013084,16.778902
2018-06-21,12511.910156,258.958649,27.21105,111.444839,44.762074,16.39135
2018-06-22,12579.719727,259.430817,26.932343,112.720329,44.631737,16.443659
2018-06-25,12270.330078,255.899185,26.458544,112.490921,43.968006,16.148832
2018-06-26,12234.339844,256.465759,26.514284,112.270699,44.51347,16.034708
2018-06-27,12348.610352,254.341141,26.235577,111.591652,44.448299,16.058483
2018-06-28,12177.230469,255.795319,26.635056,111.949539,44.771725,15.763657
2018-06-29,12306.0,256.163574,26.189127,111.343903,44.677597,15.692328
2018-07-02,12238.169922,256.711243,26.272739,111.564133,45.177208,15.535404
2018-07-03,12349.139648,255.804672,25.808229,112.601044,44.390381,15.506874
2018-07-05,12464.290039,257.891602,25.938286,114.702408,44.747585,16.286734
2018-07-06,12496.169922,260.072876,26.040485,115.390602,45.367878,16.220161
2018-07-09,12543.889648,262.414703,26.988085,115.665886,45.997814,16.153589
2018-07-10,12609.849609,263.358948,26.783699,116.88633,45.94231,16.136944
2018-07-11,12417.129883,261.432709,26.64435,115.84024,45.346149,15.616244
2018-07-12,12492.969727,263.802765,26.727962,117.235016,46.106426,15.73988
2018-07-13,12540.730469,264.010559,26.523571,115.555794,46.178841,15.834985
2018-07-16,12561.019531,263.774445,27.666271,114.417946,46.077469,15.801699
2018-07-17,12661.540039,264.841522,27.879946,118.473816,46.207802,16.177364
2018-07-18,12765.94043,265.398621,27.991428,117.271729,45.954376,16.21303
2018-07-19,12686.290039,264.397675,27.564079,115.564957,46.311584,16.177364
2018-07-20,12561.419922,264.09552,27.991428,115.482353,46.205383,15.906315
2018-07-23,12548.570313,264.586517,28.567421,116.19812,46.24641,16.025196
2018-07-24,12689.389648,265.917938,28.641745,118.703217,46.581894,16.317642
2018-07-25,12579.330078,268.184235,28.86471,118.024162,47.021164,16.41037
2018-07-26,12809.230469,267.551575,28.743937,119.547432,46.873936,16.39135
2018-07-27,12860.400391,265.738556,28.855417,120.712807,46.094357,16.296246
2018-07-30,12798.200195,264.350555,29.087673,121.2817,45.836105,16.443659
2018-07-31,12805.5,265.653595,28.688194,121.602898,45.927818,16.434149
2018-08-01,12737.049805,265.209778,29.031935,121.712997,48.633434,15.896804
2018-08-02,12546.330078,266.654572,29.059803,120.437515,50.055027,15.735125
2018-08-03,12615.759766,267.797089,29.273479,121.079865,50.199841,15.777923
2018-08-06,12598.209961,268.779114,29.282768,121.144081,50.46051,15.758901
2018-08-07,12648.19043,269.666748,29.273479,120.630203,49.98745,15.834985
2018-08-08,12633.540039,269.553406,29.542892,120.364098,50.02124,15.939602
2018-08-09,12676.110352,269.185181,29.357092,120.391632,50.41465,15.896804
2018-08-10,12424.349609,267.381653,28.976196,119.978706,50.264481,15.373727
2018-08-13,12358.740234,266.380707,28.316586,119.492363,50.589031,15.221558
2018-08-14,12358.870117,268.080383,28.604586,118.831665,50.802181,15.121697
2018-08-15,12163.009766,266.078522,28.205107,119.685066,50.920856,14.864915
2018-08-16,12237.169922,268.231445,28.539549,121.566154,51.666843,14.893446
2018-08-17,12210.549805,269.175751,28.558132,123.39222,52.698631,15.021838
2018-08-20,12331.299805,269.75174,28.678904,125.603729,52.185158,15.083656
2018-08-21,12384.490234,270.384369,28.81826,124.19973,52.083427,15.311909
2018-08-22,12385.700195,270.223938,28.781097,123.520706,52.085854,15.188272
2018-08-23,12365.580078,269.865051,28.651031,123.97953,52.192421,14.921977
2018-08-24,12394.519531,271.489227,28.697489,124.750305,52.354706,15.064635
2018-08-27,12538.30957,273.632751,29.087673,124.630249,52.785831,15.540161
2018-08-28,12527.419922,273.764923,29.050514,124.076012,53.212097,15.73988
2018-08-29,12561.679688,275.237976,28.929739,124.574799,54.006527,15.54967
2018-08-30,12494.240234,274.123779,28.808969,124.657944,54.503052,15.468831
2018-08-31,12364.05957,274.133179,28.734646,124.417786,55.132774,15.216803
2018-09-04,12210.209961,273.661011,28.929739,123.521767,55.309586,14.77932
2018-09-05,12040.459961,272.9245,28.966902,125.498543,54.948704,14.798341
2018-09-06,11955.25,272.102997,28.79887,126.431526,54.035595,14.855403
2018-09-07,11959.629883,271.574188,28.808205,126.847214,53.599628,14.693726
2018-09-10,11986.339844,272.046356,28.770863,126.745605,52.88028,14.940998
2018-09-11,11970.269531,272.94339,28.79887,127.946442,54.217247,14.96953
2018-09-12,12032.299805,273.00946,28.406794,128.731613,53.543922,15.026593
2018-09-13,12055.549805,274.624146,28.136076,129.221191,54.837284,15.449811
2018-09-14,12124.330078,274.671417,28.350782,128.8517,54.214817,15.492608
2018-09-17,12096.410156,273.217194,28.266768,129.285873,52.771297,15.644776
2018-09-18,12157.669922,274.699707,28.20142,129.821609,52.858482,16.167852
2018-09-19,12219.019531,274.992493,28.938896,129.747726,52.889969,16.367573
2018-09-20,12326.480469,277.220917,29.116266,131.15181,53.292027,16.890652
2018-09-21,12430.879883,276.967712,28.966902,131.98317,52.71801,17.071352
2018-09-24,12350.820313,276.047577,28.69618,129.756973,53.476101,16.843098
2018-09-25,12374.660156,275.791534,28.630836,128.066528,53.815186,16.56349
2018-09-26,12385.889648,274.966278,28.12674,127.623154,53.386494,16.576805
2018-09-27,12435.589844,275.734619,27.949369,127.678558,54.483662,16.70805
2018-09-28,12246.730469,275.763062,27.501287,127.63237,54.675011,16.443659
2018-10-01,12339.030273,276.721069,27.678654,129.036469,55.043159,16.466482
2018-10-02,12287.580078,276.559784,27.613308,129.76619,55.532413,16.586317
2018-10-04,12244.139648,274.54892,28.406794,128.722397,55.219967,16.424637
2018-10-05,12111.900391,273.012207,28.220089,128.49147,54.323814,16.11079
2018-10-08,11947.160156,273.012207,28.257431,128.759323,54.197876,15.996664
2018-10-09,11977.219727,272.6138,27.986715,128.583832,54.948704,15.777923
2018-10-10,11712.5,263.981995,27.295912,127.225937,52.403149,15.055124
2018-10-11,11539.349609,258.167419,26.474424,123.632622,51.940529,15.017082
2018-10-12,11523.80957,261.75293,26.567774,123.660316,53.795818,15.16925
2018-10-15,11614.160156,260.282684,26.063673,123.734222,52.645344,15.478341
2018-10-16,11776.549805,265.973999,26.63312,126.145172,53.8055,15.909168
2018-10-17,11715.030273,266.021454,26.978516,128.823975,53.572983,15.758901
2018-10-18,11589.209961,262.179779,26.371737,128.860931,52.320789,15.326174
2018-10-19,11553.830078,262.037506,26.437082,128.445251,53.117638,15.178761
2018-10-22,11524.339844,260.861298,25.559582,128.10347,53.4422,15.140719
2018-10-23,11274.280273,259.533264,25.223515,128.334396,53.945972,15.036104
2018-10-24,11191.629883,251.669785,24.4487,126.985786,52.095543,13.980437
2018-10-25,11307.120117,256.184906,24.822104,127.909477,53.23632,14.513026
2018-10-26,11200.620117,251.679306,24.635403,126.523895,52.388607,14.527291
2018-10-29,11335.480469,250.284943,24.840775,127.059677,51.405266,14.864915
2018-10-30,11287.389648,253.993774,24.999474,130.015625,51.661995,15.5782
2018-10-31,11447.509766,256.706573,25.671602,129.313568,53.008659,15.625755
2018-11-01,11468.540039,259.438446,25.960993,130.080276,53.822456,16.025196
2018-11-02,11518.990234,257.901825,26.035667,129.950958,50.25238,16.358063
2018-11-05,11494.959961,259.324646,26.194368,131.355011,48.825794,16.462679
2018-11-06,11484.339844,260.965668,26.334393,131.696808,49.353802,16.405617
2018-11-07,11579.099609,266.552612,26.642454,133.710541,50.85062,16.548273
2018-11-08,11527.320313,266.068848,26.950514,134.218597,50.673195,15.91107
2018-11-09,11529.160156,263.469757,26.623785,134.255554,49.69614,15.397503
2018-11-12,11325.44043,258.546814,25.90498,134.514175,47.192734,15.121697
2018-11-13,11472.219727,258.06308,25.91431,133.645889,46.721222,15.354706
2018-11-14,11412.530273,256.298767,25.400879,133.248672,45.401474,15.5782
2018-11-15,11353.669922,258.973694,26.045008,133.479599,46.521931,15.606732
2018-11-16,11341.0,259.647186,25.90498,134.855972,47.037186,15.349949
2018-11-19,11244.540039,255.255341,25.90498,136.463257,45.173004,15.483098
2018-11-20,11066.410156,250.53154,25.559582,135.280884,43.014729,15.226314
2018-11-21,11244.169922,251.385223,25.456888,131.161072,42.966125,15.930091
2018-11-23,11192.69043,249.706314,25.176838,131.382736,41.87484,15.616244
2018-11-26,11354.719727,253.737686,25.72761,131.419922,42.441139,16.044216
2018-11-27,11309.110352,254.59137,25.895645,133.13974,42.348778,15.5782
2018-11-28,11298.879883,260.453339,26.539768,136.133087,43.977207,15.958623
2018-11-29,11298.230469,259.884247,26.175701,135.584595,43.639374,15.825474
2018-11-30,11257.240234,261.468353,26.511763,136.560699,43.40361,15.773167
2018-12-03,11465.459961,264.930573,26.642454,135.919266,44.920231,16.025196
2018-12-04,11335.320313,256.346161,25.195507,135.751923,42.944248,15.216803
2018-12-06,10810.980469,255.957245,24.669817,135.640381,42.465446,15.140719
2018-12-07,10788.089844,250.009872,23.871901,135.194153,40.951248,15.069391
2018-12-10,10622.070313,250.484131,23.242949,135.036133,41.221031,15.140719
2018-12-11,10780.509766,250.541046,23.073982,136.188858,40.985283,15.368971
2018-12-12,10929.429688,251.802612,23.017656,136.746628,41.09951,15.930091
2018-12-13,10924.700195,251.717209,22.905008,137.43454,41.549152,16.072746
2018-12-14,10865.769531,247.069336,22.980106,123.639038,40.219673,15.600076
2018-12-17,10772.200195,242.222244,22.97072,120.05072,39.845383,15.378482
2018-12-18,10740.889648,241.956619,22.97072,121.240608,40.363075,15.606732
2018-12-19,10766.209961,238.333191,22.698486,118.628395,39.10408,15.454566
2018-12-20,10611.099609,234.453598,22.632778,119.241951,38.117302,15.387992
2018-12-21,10633.820313,229.649734,21.938118,119.074615,36.634705,15.283377
2018-12-27,10381.509766,236.681396,22.876844,118.442467,37.952026,14.931487
2018-12-28,10558.959961,236.376083,22.89562,118.312325,37.971478,15.055124
2019-01-02,10580.19043,238.69455,23.430696,118.758553,38.382229,14.720354
2019-01-03,10416.660156,232.998627,23.055204,116.871422,34.559078,14.693726
2019-01-04,10767.69043,240.80307,24.012709,118.832924,36.03437,15.235825
2019-01-07,10747.80957,242.701706,23.993933,118.070641,35.95417,15.446958
2019-01-08,10803.980469,244.981995,23.946999,120.813011,36.639565,15.639071
2019-01-09,10893.320313,246.126923,24.181681,119.855476,37.261772,16.129808
2019-01-10,10921.589844,246.995132,24.153521,120.580597,37.380867,16.044216
2019-01-11,10887.459961,247.09053,24.435137,120.617783,37.013863,15.844497
2019-01-14,10855.910156,245.583069,24.754307,119.251244,36.457287,16.025196
2019-01-15,10891.790039,248.397614,24.923277,120.255226,37.203442,16.020439
2019-01-16,10931.240234,248.998703,26.706865,119.02813,37.65794,15.844497
2019-01-17,10918.620117,250.887833,27.213776,120.004242,37.881542,15.818817
2019-01-18,11205.540039,254.227158,27.504786,121.491623,38.114872,15.901559
2019-01-22,11090.110352,250.792389,27.307653,119.734642,37.259346,15.597223
2019-01-23,11071.540039,251.317139,27.148066,119.734642,37.41003,15.587712
2019-01-24,11130.179688,251.450714,27.298264,118.089218,37.113518,15.892047
2019-01-25,11281.790039,253.578369,27.76763,119.20475,38.34333,16.638624
2019-01-28,11210.30957,251.651154,27.814564,119.91127,37.988491,16.586317
2019-01-29,11218.830078,251.317139,27.589268,121.156944,37.594753,16.320021
2019-01-30,11181.660156,255.2957,27.288879,122.374763,40.163769,16.486454
2019-01-31,11173.099609,257.537811,26.725637,123.713417,40.453007,16.519743
2019-02-01,11180.660156,257.661865,26.64115,124.754555,40.47245,16.595825
2019-02-04,11176.580078,259.474579,27.110518,123.527466,41.622059,16.358063
2019-02-05,11367.980469,260.562286,27.016645,123.527466,42.334198,16.453167
2019-02-06,11324.719727,260.218842,26.969709,123.639038,42.348778,16.291489
2019-02-07,11022.019531,257.738159,26.509727,122.755913,41.546719,15.815965
2019-02-08,10906.780273,258.05307,26.556667,123.081245,41.595535,15.540161
2019-02-11,11014.589844,258.196136,26.669315,122.709419,41.356327,15.368971
2019-02-12,11126.080078,261.516418,26.932159,124.717369,41.712708,15.758901
2019-02-13,11167.219727,262.36557,26.941547,124.986969,41.539394,15.692328
2019-02-14,11089.790039,261.783508,26.650541,124.856819,41.690739,15.654285
2019-02-15,11299.799805,264.636292,27.326427,126.781136,41.597973,15.796944
2019-02-19,11309.209961,265.094208,27.3452,126.139717,41.722466,15.787435
2019-02-20,11401.969727,265.628571,27.608042,126.753273,41.990967,16.263908
2019-02-21,11423.280273,264.68399,27.495396,125.88871,41.754196,16.243937
2019-02-22,11457.700195,266.325073,27.298264,126.985664,42.220417,16.300999
2019-02-25,11505.389648,266.687561,27.476622,127.453552,42.527966,16.690929
2019-02-26,11540.790039,266.496765,27.495396,127.369331,42.552376,16.790791
2019-02-27,11487.330078,266.382202,27.720692,127.144722,42.684185,16.757505
2019-02-28,11515.639648,265.886108,27.437635,127.865288,42.264351,16.747993
2019-03-01,11601.679688,267.546234,27.654648,129.465485,42.708599,17.071352
2019-03-04,11592.660156,266.573059,27.390457,129.587128,42.923389,16.86212
2019-03-05,11620.740234,266.21048,27.437635,129.858505,42.845276,16.728973
2019-03-06,11587.629883,264.598114,27.211193,130.157974,42.598755,16.576805
2019-03-07,11517.799805,262.384644,26.937571,129.362549,42.10569,16.234426
2019-03-08,11457.839844,261.859833,27.031919,129.194077,42.205765,16.167852
2019-03-11,11543.480469,265.657135,27.305542,129.661987,43.667873,16.101278
2019-03-12,11524.169922,266.658936,27.305542,130.242172,44.158497,15.944355
2019-03-13,11572.410156,268.423981,27.635775,130.457397,44.353764,16.11079
2019-03-14,11587.469727,268.252258,27.796171,129.156708,44.846821,15.777923
2019-03-15,11685.69043,269.577606,27.64521,128.763657,45.430202,15.844497
2019-03-18,11657.05957,270.555023,28.135841,128.361237,45.893982,15.968134
2019-03-19,11788.410156,270.622162,27.975441,129.549713,45.530289,16.37233
2019-03-20,11603.889648,269.807526,27.022482,128.473541,45.928154,16.177364
2019-03-21,11549.959961,272.854919,26.588467,129.231537,47.619701,15.958623
2019-03-22,11364.169922,267.603516,25.484543,128.117935,46.633575,15.321419
2019-03-25,11346.650391,267.402283,25.324142,127.837242,46.069717,15.449811
2019-03-26,11419.480469,269.395538,25.673248,129.671356,45.593746,15.297642
2019-03-27,11419.040039,267.986847,25.503416,129.793015,46.003822,15.292887
2019-03-28,11428.160156,269.002563,25.78647,129.961456,46.064842,15.326174
2019-03-29,11526.040039,270.698792,26.031788,130.812988,46.365074,15.445054
2019-04-01,11681.990234,273.909058,26.928135,130.055008,46.679958,15.852104
2019-04-02,11754.790039,274.043243,27.239494,128.866592,47.358524,16.044216
2019-04-03,11954.400391,274.474487,27.211193,128.361237,47.68317,16.267714
2019-04-04,11988.009766,275.20282,27.503683,126.863991,47.766151,16.434149
2019-04-05,12009.75,276.534821,27.437635,127.434814,48.085915,16.120302
2019-04-08,11963.400391,276.745667,27.522552,127.397408,48.842606,16.453167
2019-04-09,11850.570313,275.327332,27.258366,126.863991,48.696148,16.229671
2019-04-10,11905.910156,276.266479,27.428204,126.873367,48.969524,16.262959
2019-04-11,11935.200195,276.18985,27.428204,126.527115,48.561893,16.529253
2019-04-12,11999.929688,278.058502,28.466074,127.247681,48.542358,16.814568
2019-04-15,12020.280273,277.876434,28.154709,127.752991,48.630234,16.985758
2019-04-16,12101.320313,278.058502,28.192451,129.156708,48.63512,17.166454
2019-04-17,12153.070313,277.378143,28.333984,129.624557,49.582195,17.708555
2019-04-18,12222.389648,277.924347,28.333984,128.688797,49.760384,17.813169
2019-04-23,12235.509766,280.665039,28.371723,130.915924,50.643993,17.518345
2019-04-24,12313.160156,280.042175,28.324543,130.26091,50.565884,17.147436
2019-04-25,12282.599609,279.86969,28.381159,130.681976,50.106991,16.900164
2019-04-26,12315.179688,281.172974,28.635906,131.374481,49.867779,16.919184
2019-04-29,12328.019531,281.61377,29.032192,130.859772,49.943447,17.044722
2019-04-30,12344.080078,281.757507,28.852919,132.132446,48.981728,17.000021
2019-05-02,12345.419922,279.03595,28.777437,132.207321,51.051617,17.356667
2019-05-03,12412.75,281.76712,28.975578,132.890427,51.686256,17.442261
2019-05-06,12286.879883,280.607605,28.749128,132.965286,50.888084,17.109392
2019-05-07,12092.740234,275.921509,28.230198,130.98143,49.516289,16.510231
2019-05-08,12179.929688,275.538177,28.116968,130.812988,49.526047,16.652889
2019-05-09,11973.919922,274.704498,28.032051,129.821075,48.993931,16.728973
2019-05-10,12059.830078,276.084442,27.909397,130.120483,48.315205,16.329531
2019-05-13,11876.650391,269.146332,26.654512,128.389328,45.507145,15.939602
2019-05-14,11991.620117,271.580444,27.003614,128.033737,46.227535,16.006174
2019-05-15,12099.570313,273.171234,26.692253,128.117935,46.7813,16.09177
2019-05-16,12310.370117,275.70105,26.975311,129.334473,46.575474,15.825474
2019-05-17,12238.94043,273.91864,26.796038,129.708786,46.310848,15.787435
2019-05-20,12041.290039,272.107483,26.796038,129.530991,44.862717,15.587712
2019-05-21,12143.469727,274.560699,27.06966,129.250214,45.722771,15.608636
2019-05-22,12168.740234,273.717407,26.880959,129.849136,44.786758,15.397503
2019-05-23,11952.410156,270.372955,26.192186,130.812988,44.022259,15.11409
2019-05-24,12011.040039,270.986298,26.588467,130.822433,43.853184,15.383236
2019-05-28,12027.049805,268.465973,26.324276,129.145325,43.671864,15.465977
2019-05-29,11837.80957,266.664337,26.182749,123.73719,43.463585,15.349949
2019-05-30,11902.080078,267.392731,25.62607,124.472099,43.689014,15.311909
2019-05-31,11726.839844,263.78949,25.0977,123.567596,42.897572,15.007572
2019-06-03,11792.80957,263.118683,25.17318,123.840843,42.463867,15.302397
2019-06-04,11971.169922,268.830139,26.343149,125.998413,44.017353,15.776972
2019-06-05,11980.80957,271.158722,26.333712,126.61084,44.72794,15.511627
2019-06-06,11953.139648,272.922058,26.447546,128.777847,45.384624,15.588665
2019-06-07,12045.379883,275.653198,26.11553,130.539764,46.592632,15.568693
2019-06-11,12155.80957,276.851013,26.789047,131.698669,47.734474,15.749391
2019-06-12,12115.679688,276.362305,26.513952,133.4888,47.582554,15.572496
2019-06-13,12169.049805,277.502655,26.504469,132.574875,47.572758,15.573446
2019-06-14,12096.400391,277.196045,26.599327,131.990723,47.227264,15.321419
2019-06-17,12085.820313,277.301422,26.49498,131.378296,47.509045,15.407014
2019-06-18,12331.75,280.205109,27.149529,132.122635,48.626396,15.692328
2019-06-19,12308.530273,280.837585,26.864941,132.329926,48.484268,15.987153
2019-06-20,12355.389648,283.520782,26.817511,133.988159,48.873875,16.173559
2019-06-21,12339.919922,283.108643,26.67522,133.875092,48.707249,16.11079
2019-06-24,12274.570313,282.761993,26.54241,134.789001,48.658245,16.11079
2019-06-25,12228.44043,279.988678,26.333715,135.900803,47.920704,15.873029
2019-06-26,12245.320313,279.709442,26.476006,133.648987,48.957184,16.131714
2019-06-27,12271.030273,280.701263,26.760593,132.556061,48.942478,16.182119
2019-06-28,12398.799805,282.145691,27.510004,131.22757,48.496521,16.262959
2019-07-01,12521.379883,284.707123,27.908424,131.302948,49.385983,16.315266
2019-07-02,12526.719727,285.448578,27.652298,131.934189,49.675121,16.472189
2019-07-03,12616.240234,287.730774,27.557432,133.922211,50.086777,16.709951
2019-07-05,12568.530273,287.403381,27.756643,132.443008,50.042667,16.719461
2019-07-08,12543.509766,285.824188,27.699728,132.81987,49.011086,16.690929
2019-07-09,12436.549805,286.18045,27.84202,133.234451,49.310032,16.562538
2019-07-10,12373.410156,287.547882,27.528976,133.046005,49.79763,16.500721
2019-07-11,12332.120117,288.221924,27.851509,132.009583,49.434998,16.443659
2019-07-12,12323.320313,289.512268,27.936884,126.535484,49.814785,16.548273
2019-07-15,12387.339844,289.608612,27.718702,126.921783,50.282806,16.767014
2019-07-16,12430.969727,288.674469,27.500515,124.839531,50.108826,16.719461
2019-07-17,12341.030273,286.710052,27.690245,124.236557,49.827045,16.481699
2019-07-18,12227.849609,287.759705,27.965343,124.434418,50.393063,16.310511
2019-07-19,12260.070313,286.161194,27.889452,122.776161,49.640816,16.310511
2019-07-22,12289.400391,286.864136,28.050716,121.202705,50.775307,16.320021
2019-07-23,12490.740234,288.915222,28.695782,121.391144,51.17226,16.971489
2019-07-24,12522.889648,290.27301,29.0942,122.276794,51.1306,17.118902
2019-07-25,12362.099609,288.886322,28.781155,123.53933,50.726307,16.671911
2019-07-26,12419.900391,290.821899,29.189066,123.171883,50.902725,16.786036
2019-07-29,12417.469727,290.292297,28.951908,125.329483,51.378078,16.690929
2019-07-30,12147.240234,289.579681,29.302898,124.443825,51.157562,16.434149
2019-07-31,12189.040039,286.41153,29.103685,122.691376,52.201385,16.13932
2019-08-01,12253.150391,283.917511,27.974829,122.757309,51.071793,15.882538
2019-08-02,11872.44043,281.779755,27.870478,123.49221,49.991215,15.882538
2019-08-05,11658.509766,273.305817,26.637274,122.634842,47.374287,15.511627
2019-08-06,11567.959961,277.138306,26.959805,123.209572,48.271091,15.682817
2019-08-07,11650.150391,277.302032,26.457033,122.681946,48.770958,15.73988
2019-08-08,11845.410156,282.742737,26.921856,124.066925,49.846642,15.749391
2019-08-09,11693.799805,280.816803,26.87443,124.406143,49.435886,15.435544
2019-08-12,11679.679688,277.398315,26.219877,124.302483,49.310444,15.349949
2019-08-13,11750.129883,281.712341,26.295767,125.706352,51.398666,15.614342
2019-08-14,11492.660156,273.382751,25.062559,122.729034,49.868778,15.121697
2019-08-15,11412.669922,274.10498,24.901297,122.992859,49.620358,14.998062
2019-08-16,11562.740234,278.149475,25.641224,123.76545,50.791138,15.159739
2019-08-19,11715.370117,281.500488,25.868893,124.603989,51.738094,15.302397
2019-08-20,11651.179688,279.343445,25.347149,123.049393,51.740555,15.131208
2019-08-21,11802.849609,281.616058,25.546358,123.925621,52.301346,15.362313
2019-08-22,11747.040039,281.529358,25.793001,123.680649,52.257072,15.264355
2019-08-23,11611.509766,274.297577,25.109993,120.345329,49.841724,15.091265
2019-08-26,11658.040039,277.330933,25.404068,121.31356,50.788677,15.16925
2019-08-27,11730.019531,276.242737,25.109993,123.060165,50.215584,15.33093
2019-08-28,11701.019531,278.187958,25.470472,122.14888,50.552551,15.264355
2019-08-29,11838.879883,281.741211,25.925806,121.731232,51.408504,15.433643
2019-08-30,11939.280273,281.616058,26.09656,121.845131,51.342091,15.454566
2019-09-03,11910.860352,279.969391,25.660194,122.205849,50.594368,15.511627
2019-09-04,12025.040039,283.147186,26.077587,122.319748,51.452774,15.782678
2019-09-05,12126.780273,286.78714,26.851032,122.053963,52.458755,16.063238
2019-09-06,12191.730469,287.008606,26.478632,121.702766,52.453838,15.987153
2019-09-09,12226.099609,287.153046,27.33802,120.506683,52.677666,16.339043
2019-09-10,12268.709961,287.085632,28.025528,122.974739,53.299942,16.595825
2019-09-11,12359.070313,289.127075,28.130566,124.512497,54.994621,16.58156
2019-09-12,12410.25,290.128601,28.331085,123.810059,54.871639,16.799351
2019-09-13,12468.530273,289.936005,28.808523,124.142311,53.804165,16.900164
2019-09-16,12380.30957,289.040436,28.770329,122.965233,54.087029,16.83359
2019-09-17,12372.610352,289.772308,28.5889,123.088631,54.283798,16.786036
2019-09-18,12389.620117,289.945618,28.646194,123.791092,54.792931,16.786036
2019-09-19,12457.700195,289.926361,28.474316,123.506317,54.347748,16.83359
2019-09-20,12468.009766,288.556488,28.254696,124.968155,53.553288,16.900164
2019-09-23,12342.330078,288.48877,28.187857,125.053581,53.796787,16.624355
2019-09-24,12307.150391,286.225067,27.634033,124.873222,53.540985,16.120302
2019-09-25,12234.179688,287.91803,27.930038,124.341652,54.364967,16.13932
2019-09-26,12288.540039,287.318237,27.815453,122.31028,54.084568,16.153589
2019-09-27,12380.94043,285.770355,28.025528,122.072952,53.821392,16.150734
2019-09-30,12428.080078,287.095764,27.853651,122.813362,55.088093,16.291489
2019-10-01,12263.830078,283.680817,27.15659,123.392403,55.240589,16.025196
2019-10-02,11925.25,278.669647,26.583668,125.300385,53.85582,15.616244
2019-10-04,12012.80957,284.754608,27.08975,126.876137,55.835812,15.5782
2019-10-07,12097.429688,283.526031,27.032459,126.401505,55.848118,15.502117
2019-10-08,11970.200195,279.124329,26.383146,125.148506,55.193855,15.521138
2019-10-09,12094.259766,281.774994,26.631411,122.661476,55.840733,15.628608
2019-10-10,12164.200195,283.680817,27.166142,122.509598,56.59338,16.044216
2019-10-11,12511.650391,286.621704,27.605383,124.664391,58.098667,16.681421
2019-10-14,12486.55957,286.30246,27.825005,124.08535,58.01503,16.938202
2019-10-15,12629.790039,289.136932,28.388378,126.097771,57.879761,17.156946
2019-10-16,12670.110352,288.672607,28.808523,128.309509,57.646095,17.584917
2019-10-17,12654.950195,289.523895,28.894463,129.258759,57.869915,17.775127
2019-10-18,12633.599609,288.256592,28.980402,121.218628,58.147865,17.775127
2019-10-21,12747.959961,290.210754,29.620167,121.522392,59.156303,17.884499
2019-10-22,12754.69043,289.262695,29.792042,122.642494,59.021023,17.83219
2019-10-23,12798.19043,290.10434,30.002113,123.306976,59.813023,18.012892
2019-10-24,12872.099609,290.578369,29.944822,121.028786,59.911404,18.107998
2019-10-25,12894.509766,291.768311,30.288578,121.835632,60.649292,17.927296
2019-10-28,12941.709961,293.412842,30.403162,122.623512,61.256817,18.260164
2019-10-29,12939.620117,293.325806,30.622782,122.566551,59.84008,18.117504
2019-10-30,12910.230469,294.225525,30.19309,126.097771,59.832695,18.355268
2019-10-31,12866.790039,293.441864,29.858883,125.338341,61.185486,18.012892
2019-11-01,12961.049805,296.160278,30.364964,124.540977,62.921982,18.298204
2019-11-04,13136.280273,297.350189,30.937893,123.620209,63.335194,18.716669
2019-11-05,13148.5,297.021271,31.338936,123.800591,63.244194,18.716669
2019-11-06,13179.889648,297.088989,31.310289,124.313179,63.271248,18.650095
2019-11-07,13289.459961,298.133759,31.730434,124.7593,64.00148,19.068554
2019-11-08,13228.55957,298.869049,31.759083,126.249626,64.176636,18.95443
2019-11-11,13198.370117,298.298218,31.682688,125.28141,64.684837,18.918291
2019-11-12,13283.509766,298.927063,31.596754,124.683365,64.625618,18.94492
2019-11-13,13230.070313,299.023804,31.310289,124.607445,65.244843,18.773731
2019-11-14,13180.230469,299.459137,31.224356,124.313179,64.793388,18.773731
2019-11-15,13241.75,301.626099,31.443974,128.091202,65.563095,19.021004
2019-11-18,13207.009766,301.848602,31.472618,127.98674,65.893669,18.431351
2019-11-19,13221.120117,301.761505,31.453522,127.977234,65.69384,18.640583
2019-11-20,13158.139648,300.639343,31.214798,129.040421,64.92907,18.374289
2019-11-21,13137.700195,300.15564,31.358032,129.515045,64.63797,18.574009
2019-11-22,13163.879883,300.82312,31.682688,131.062302,64.581215,18.488415
2019-11-25,13246.450195,303.154602,31.959606,131.119644,65.71357,18.431351
2019-11-26,13236.419922,303.841461,31.845013,131.110092,65.200447,18.350513
2019-11-27,13287.070313,305.195831,31.911854,131.66449,66.076233,18.417088
2019-11-29,13236.379883,304.063965,31.816368,131.41597,65.930664,18.074709
2019-12-02,12964.679688,301.480988,31.921415,131.291718,65.168365,18.16506
2019-12-03,12989.290039,299.459137,31.358032,131.100555,64.006416,18.307716
2019-12-04,13140.570313,301.306854,31.654045,133.222458,64.57135,18.21261
2019-12-05,13054.799805,301.848602,31.769257,133.394485,65.518661,18.355268
2019-12-06,13166.580078,304.605682,32.326103,134.178299,66.784256,18.469395
2019-12-09,13105.610352,303.64801,32.172489,134.292984,65.849266,18.231632
2019-12-10,13070.719727,303.309326,32.191692,133.805527,66.234108,18.402821
2019-12-11,13146.740234,304.17038,32.297298,134.75177,66.799057,18.707157
2019-12-12,13221.639648,306.791992,33.295792,135.095871,66.969292,18.821283
2019-12-13,13282.719727,306.9758,33.065372,135.134094,67.879601,18.963942
2019-12-16,13407.660156,309.084747,33.314995,135.525986,69.041557,18.94492
2019-12-17,13287.830078,309.152496,33.641426,137.217804,69.177261,18.802263
2019-12-18,13222.160156,309.171875,33.708633,136.864151,69.011955,18.688137
2019-12-19,13211.959961,310.439087,33.555016,138.928726,69.081039,18.478907
2019-12-20,13318.900391,311.80014,33.564613,139.607346,68.93795,18.379045
2019-12-23,13300.980469,312.27655,33.766232,139.970566,70.062904,18.298204
2019-12-27,13337.110352,313.870819,33.939045,139.311035,71.493759,18.450373
2019-12-30,13249.009766,312.140381,33.747036,138.880951,71.918083,18.243044
2020-01-02,13385.929688,315.82486,34.217472,139.521332,74.096443,18.916388
2020-01-03,13219.139648,313.43335,33.507011,137.905991,73.376083,18.459883
2020-01-06,13126.990234,314.62912,33.459003,137.733948,73.96077,18.659605
2020-01-07,13226.830078,313.744415,33.23819,138.575073,73.61293,18.564501
2020-01-08,13320.179688,315.416595,33.574215,138.555969,74.797081,18.707157
2020-01-09,13495.05957,317.555298,33.631821,138.966949,76.385834,18.911634
2020-01-10,13483.30957,316.641479,33.353401,138.651535,76.558517,19.230234
2020-01-13,13451.519531,318.819122,33.660629,139.263275,78.194145,19.249256
2020-01-14,13456.490234,318.333069,33.910248,140.047043,77.13826,19.230234
2020-01-15,13432.299805,319.052429,33.28619,140.515381,76.807701,19.078066
2020-01-16,13429.429688,321.706421,33.334198,141.652786,77.769821,18.95443
2020-01-17,13526.129883,322.707764,33.324589,142.579956,78.630814,18.916388
2020-01-21,13555.870117,322.075867,32.892555,142.675552,78.097939,19.106598
2020-01-22,13515.75,322.114746,32.988567,141.700623,78.376717,18.840303
2020-01-23,13388.419922,322.484131,32.758144,141.968231,78.754158,18.669113
2020-01-24,13576.679688,319.616272,32.201298,141.767517,78.527199,18.288694
2020-01-27,13204.769531,314.493011,31.538832,142.178497,76.218079,17.889254
2020-01-28,13323.69043,317.788635,31.913271,142.895401,78.374237,17.965338
2020-01-29,13345.0,317.526154,31.692446,143.889435,80.014801,17.718063
2020-01-30,13157.120117,318.556641,32.143688,143.717392,79.898849,17.603939
2020-01-31,12981.969727,312.772308,31.519634,142.293213,76.356224,17.385199
2020-02-03,13045.19043,315.095764,31.654045,143.535767,76.146545,17.214008
2020-02-04,13281.740234,319.898254,32.278095,144.902634,78.660416,17.775127
2020-02-05,13478.330078,323.592407,33.324589,147.187012,79.301826,17.98436
2020-02-06,13574.820313,324.681244,33.28619,146.74733,80.229431,17.965338
2020-02-07,13513.80957,322.950775,33.22858,145.179794,79.138901,17.556385
2020-02-10,13494.030273,325.361725,33.305393,145.151123,79.514771,17.328135
2020-02-11,13627.839844,325.925568,33.382198,145.275391,79.035027,17.478399
2020-02-12,13749.780273,328.025452,33.526218,144.415115,80.911942,18.117504
2020-02-13,13745.429688,327.675476,33.516609,143.459335,80.335754,17.794149
2020-02-14,13744.209961,328.20047,33.459003,143.497559,80.355545,17.641981
2020-02-18,13681.19043,327.354675,32.902157,142.551285,78.884193,17.523098
2020-02-19,13789.0,328.9198,33.334198,142.360123,80.026649,17.587772
2020-02-20,13664.0,327.568542,33.459003,141.815308,79.205658,17.537365
2020-02-21,13579.330078,324.19516,32.988567,143.306366,77.412834,17.26156
2020-02-24,13035.240234,313.443085,31.423618,140.353302,73.735695,16.215405
2020-02-25,12790.490234,303.945099,29.839481,139.141281,71.238098,15.930091
2020-02-26,12774.879883,302.827148,29.407442,138.208221,72.36821,16.025196
2020-02-27,12367.459961,289.226624,27.967312,133.821884,67.637627,15.445054
2020-02-28,11890.349609,288.011475,27.362461,129.358566,67.598061,15.987153
2020-03-02,11857.870117,300.484222,28.197735,134.687622,73.891487,16.405617
2020-03-03,11985.389648,291.880585,26.642391,130.426315,71.544739,16.177364
2020-03-04,12127.69043,304.149261,27.256851,138.015839,74.863312,16.738483
2020-03-05,11944.719727,294.038788,25.875166,136.601822,72.434975,15.949111
2020-03-06,11541.870117,289.17804,24.841318,136.621063,71.473038,16.034708
2020-03-09,10625.019531,266.594788,21.189035,131.243942,65.820076,14.349445
2020-03-10,10475.490234,280.38974,22.812273,136.245911,70.560547,15.131208
2020-03-11,10438.679688,266.721222,21.904034,126.780663,68.10994,14.351347
2020-03-12,9161.129883,241.202057,19.817013,120.633995,61.383766,12.268547
2020-03-13,9232.080078,261.821533,23.343691,129.175812,68.738045,12.780211
2020-03-16,8742.25,233.172028,19.749376,122.288498,59.895107,10.956099
2020-03-17,8939.099609,245.761475,21.237349,131.388229,62.528698,11.659876
2020-03-18,8441.709961,233.317856,20.087557,129.820328,60.998001,10.385468
2020-03-19,8610.429688,233.813644,20.4837,122.211548,60.530632,10.81344
2020-03-20,8928.950195,223.737625,19.005398,115.324219,56.687817,10.157216
2020-03-23,8741.150391,218.017075,17.469122,106.907455,55.483528,10.55
2020-03-24,9700.570313,237.770142,20.319445,114.641258,61.049938,11.793021
2020-03-25,9874.259766,241.32959,20.387079,114.852875,60.713623,12.68701
2020-03-26,10000.959961,255.420761,21.952343,121.749825,63.908562,13.257639
2020-03-27,9632.519531,247.812897,20.870184,118.469688,61.2626,12.468267
2020-03-30,9815.969727,255.860779,21.295322,127.944572,63.010906,12.376967
2020-03-31,9935.839844,252.047104,20.512686,126.136169,62.88232,12.458757
2020-04-01,9544.75,240.703751,19.102018,123.90451,59.573639,11.710281
2020-04-02,9570.820313,246.258102,19.874987,128.079208,60.567726,11.964211
2020-04-03,9525.769531,242.698624,19.353233,129.060394,59.697277,11.783512
2020-04-06,10075.169922,258.999786,20.667282,134.4375,64.905113,12.858199
2020-04-07,10356.700195,259.263824,21.391939,132.244324,64.153374,13.114982
2020-04-08,10332.889648,267.966888,22.657681,137.804214,65.795349,13.314703
2020-04-09,10564.740234,272.044617,24.020039,135.851517,66.270126,13.847291
2020-04-14,10696.55957,277.510956,22.928219,140.468719,70.983391,13.999459
2020-04-15,10279.759766,271.61438,21.440254,142.036667,70.33551,13.309947
2020-04-16,10301.540039,272.924744,20.696268,143.970108,70.894386,13.523933
2020-04-17,10625.780273,280.297882,22.493423,146.230606,69.932442,13.923375
2020-04-20,10675.900391,275.359619,21.739779,145.893936,68.480873,13.951906
2020-04-21,10249.849609,266.99881,20.908833,143.979736,66.364113,13.271905
2020-04-22,10415.030273,272.924744,21.063429,147.163666,68.275627,13.26715
2020-04-23,10513.790039,272.905121,21.131065,149.587692,68.011032,13.224353
2020-04-24,10336.089844,276.709076,21.430588,148.962448,69.974472,13.252885
2020-04-27,10659.990234,280.698822,22.677,148.414154,70.023941,13.695122
2020-04-28,10795.629883,279.408051,23.082809,145.624619,68.888901,13.999459
2020-04-29,11107.740234,286.722504,23.942741,144.518387,71.151558,15.083656
2020-04-30,10861.639648,284.052979,23.237406,144.325989,72.65258,14.208689
2020-05-04,10466.799805,277.295837,22.155251,142.623428,72.494324,13.428829
2020-05-05,10729.459961,279.857849,21.894371,143.80658,73.582382,13.82827
2020-05-06,10606.200195,277.960785,21.594845,142.440643,74.341537,13.64757
2020-05-07,10759.269531,281.31488,22.068291,141.969315,75.110603,13.771206
2020-05-08,10904.480469,285.969543,22.773624,143.037033,76.898361,14.218201
2020-05-11,10824.990234,286.028229,21.817076,143.431442,78.108383,14.246732
2020-05-12,10819.5,280.32724,21.131065,141.536453,77.215744,13.866311
2020-05-13,10542.660156,275.369415,20.164852,141.526825,76.283424,13.286171
2020-05-14,10337.019531,278.664856,20.976469,142.01741,76.752075,13.219597
2020-05-15,10465.169922,279.945801,20.715591,144.710785,76.298309,13.400297
2020-05-18,11058.870117,288.4729,22.155251,144.78775,78.095993,14.313305
2020-05-19,11075.290039,285.509949,21.459576,143.344849,77.644714,14.151627
2020-05-20,11223.709961,290.360168,22.135925,142.055893,79.154762,14.627151
2020-05-21,11065.929688,288.355591,22.126261,141.122849,78.564621,14.484493
2020-05-22,11073.870117,288.903168,21.894371,139.83461,79.070457,14.413165
2020-05-26,11504.650391,292.462585,23.459637,140.018661,78.534874,14.998062
2020-05-27,11657.69043,296.814178,25.102198,140.338272,78.877037,15.939602
2020-05-28,11781.129883,296.266571,24.020039,142.352936,78.911751,15.473586
2020-05-29,11586.849609,297.58667,23.305042,144.077026,78.8349,15.007572
2020-06-02,12021.280273,301.263458,24.000715,143.592728,80.173843,15.711349
2020-06-03,12487.360352,305.272797,25.111858,143.980179,80.615211,16.310511
2020-06-04,12430.55957,304.470917,26.055618,142.120468,79.920944,16.329531
2020-06-05,12847.679688,312.274384,27.349648,142.672562,82.197174,16.671911
2020-06-08,12819.589844,316.04895,27.768015,142.15921,82.683151,17.23303
2020-06-09,12617.990234,313.692322,27.456669,141.37468,85.294128,16.700441
2020-06-10,12530.160156,311.941895,25.880491,143.15686,87.488533,16.728973
2020-06-11,11970.290039,293.958771,23.282711,136.44455,83.28817,15.226314
2020-06-12,11949.280273,297.479126,24.109716,137.684372,84.007233,15.663796
2020-06-15,11911.349609,300.256317,24.469709,136.812622,85.046173,15.849253
2020-06-16,12315.660156,306.035522,25.102129,139.921783,87.300087,15.673306
2020-06-17,12382.139648,304.764313,24.323767,139.495605,87.178589,15.563936
2020-06-18,12281.530273,304.881653,24.362688,138.90477,87.213303,15.264355
2020-06-19,12330.759766,303.139252,24.567007,139.311584,86.714905,14.998062
2020-06-22,12262.969727,305.083984,23.95405,138.885406,88.983704,15.335684
2020-06-23,12523.759766,306.488464,24.11945,138.372055,90.883034,15.502117
2020-06-24,12093.94043,298.670349,23.165956,135.427567,89.27877,15.045613
2020-06-25,12177.870117,301.872253,24.051342,135.282272,90.463997,15.435544
2020-06-26,12089.389648,294.702362,22.523808,133.480698,87.684418,15.102676
2020-06-29,12232.120117,299.033783,22.757317,134.672058,89.705254,15.226314
2020-06-30,12310.929688,302.864258,23.10758,136.212097,90.454079,15.383236
2020-07-01,12260.570313,304.985748,22.630833,135.969971,90.282982,15.216803
2020-07-02,12608.459961,306.665283,22.660023,136.541443,90.282982,15.502117
2020-07-06,12733.450195,311.399384,23.020014,138.488281,92.698074,15.730371
2020-07-07,12616.799805,308.187653,22.387598,138.362366,92.410439,15.307152
2020-07-08,12494.80957,310.54483,22.475161,138.76918,94.562691,15.551572
2020-07-09,12489.459961,308.776947,22.154089,138.013672,94.969345,15.416522
2020-07-10,12633.709961,311.929749,23.370277,137.89743,95.135475,15.863517
2020-07-13,12799.969727,309.22876,23.535679,140.648209,94.696594,15.426033
2020-07-14,12697.360352,313.236053,23.487028,143.273087,96.263672,15.777923
2020-07-15,12930.980469,316.113831,23.934589,143.602417,96.925705,16.115545
2020-07-16,12874.969727,315.072723,23.282711,144.56131,95.73304,16.229671
2020-07-17,12919.610352,315.986115,22.591913,144.658173,95.539635,16.215405
2020-07-20,13046.919922,318.539825,22.942177,144.900314,97.553032,16.253447
2020-07-21,13171.830078,319.217529,23.759457,145.035934,96.206642,16.405617
2020-07-22,13104.25,321.034515,23.652431,145.297424,96.476906,16.586317
2020-07-23,13103.389648,317.20401,23.876213,144.909988,92.085625,16.529253
2020-07-24,12838.05957,315.161102,23.691351,143.466812,91.857506,16.543518
2020-07-27,12838.660156,317.459351,23.487028,142.556335,94.034538,16.714708
2020-07-28,12835.280273,315.445953,23.70108,142.217316,92.489784,16.500721
2020-07-29,12822.259766,319.325531,24.586468,141.936447,94.262657,16.320021
2020-07-30,12379.650391,318.186218,24.168098,142.22702,95.403267,15.640019
2020-07-31,12313.360352,320.700531,24.207016,141.180939,105.390907,14.855403
2020-08-03,12646.980469,322.930145,24.314041,142.720993,108.046509,15.454566
2020-08-04,12600.870117,324.17749,24.3335,142.595078,108.768059,16.148832
2020-08-05,12660.25,326.190948,24.703218,143.737991,109.162292,16.258202
2020-08-06,12591.679688,328.371368,24.781055,142.914734,112.970894,16.424637
2020-08-07,12674.879883,328.607117,25.403744,143.931747,110.40242,16.129808
2020-08-10,12687.530273,329.589294,25.841572,143.379654,112.007095,16.224915
2020-08-11,12946.889648,326.868652,26.191835,142.352936,108.67601,16.614847
2020-08-12,13058.629883,331.425964,26.006973,144.958435,112.287788,17.118902
2020-08-13,12993.709961,330.826843,25.637251,143.350586,114.275002,16.843098
2020-08-14,12901.339844,330.83667,25.754007,143.583038,114.173164,16.87163
2020-08-17,12920.660156,331.887604,25.199423,144.309479,113.875069,16.985758
2020-08-18,12881.759766,332.604584,24.839434,145.374924,114.823975,17.014288
2020-08-19,12977.330078,331.219727,24.810244,145.665497,114.968048,16.933449
2020-08-20,12830.0,332.251038,24.421062,146.663147,117.519142,16.776525
2020-08-21,12764.799805,333.429596,24.30431,147.961044,123.575188,16.519743
2020-08-24,13066.540039,336.808319,24.995108,148.351059,125.053177,16.762259
2020-08-25,13061.620117,337.986908,25.296719,148.263306,124.027283,16.86212
2020-08-26,13190.150391,341.375427,24.868622,148.497314,125.713928,17.194986
2020-08-27,13096.360352,342.121857,25.345367,149.160324,124.211098,17.109392
2020-08-28,13033.200195,344.331787,25.588604,149.803864,124.009895,17.185476
2020-08-31,12945.379883,343.084412,25.043751,149.579605,128.215347,17.05233
2020-09-01,12974.25,346.315796,25.014561,147.736786,133.322495,16.890652
2020-09-02,13243.429688,351.324921,25.316179,149.98912,130.560257,16.938202
2020-09-03,13057.769531,339.234283,25.139828,145.815979,120.107483,16.852608
2020-09-04,12842.660156,336.464569,26.001991,144.879944,120.186981,17.147436
2020-09-08,12968.330078,327.271332,24.963476,143.583145,112.098999,17.613451
2020-09-09,13237.209961,333.7341,24.99287,145.962234,116.570236,18.16506
2020-09-10,13208.889648,327.93924,24.630371,143.241898,112.764717,17.99387
2020-09-11,13202.839844,328.106171,24.983072,144.090164,111.284241,17.957729
2020-09-14,13193.660156,332.427795,25.228003,144.645935,114.622765,17.751352
2020-09-15,13217.669922,334.10733,24.767532,145.172455,114.80162,17.603939
2020-09-16,13255.370117,332.781342,25.081045,144.694687,111.413406,17.584917
2020-09-17,13208.120117,329.854492,24.836113,143.495407,109.63485,17.523098
2020-09-18,13116.25,326.057007,24.698948,145.4552,106.157211,17.023798
2020-09-21,12542.44043,322.428101,23.973949,141.477097,109.376511,16.172607
2020-09-22,12594.389648,325.711853,23.454697,140.609314,111.095444,16.243937
2020-09-23,12642.969727,318.158234,22.788481,140.833557,106.435432,15.987153
2020-09-24,12606.570313,319.006287,22.866859,141.057831,107.528404,16.358063
2020-09-25,12469.200195,324.163666,23.013819,142.023117,111.562439,16.196384
2020-09-28,12870.870117,329.547791,23.601652,143.43689,114.225311,16.738483
2020-09-29,12825.820313,327.753113,23.288143,143.388138,113.360878,16.824078
2020-09-30,12760.730469,330.238098,23.601652,145.162704,115.069893,16.87163
2020-10-01,12730.769531,332.358215,23.611452,143.641678,116.043625,16.759636
2020-10-02,12689.040039,329.202667,23.719223,142.588638,112.297722,16.494392
2020-10-05,12828.30957,335.040436,24.120911,144.528931,115.755478,16.995411
2020-10-06,12906.019531,330.277527,23.875978,142.608124,112.436829,16.798933
2020-10-07,12928.570313,336.02655,24.375639,144.187668,114.344559,17.201715
2020-10-08,13042.209961,339.004578,24.72834,145.172455,114.23526,16.985588
2020-10-09,13051.230469,342.031952,24.845909,147.200531,116.222473,17.010149
2020-10-12,13138.410156,347.534454,25.159422,148.048782,123.604996,17.250834
2020-10-13,13018.990234,345.266388,24.444223,144.655685,120.326073,16.956116
2020-10-14,13028.05957,343.096954,23.141184,144.402176,120.415512,16.970852
2020-10-15,12703.75,342.672913,23.660439,143.514908,119.938568,16.602453
2020-10-16,12908.990234,342.465851,23.748615,144.402176,118.259369,16.897173
2020-10-19,12854.660156,337.259186,23.239153,140.716568,115.2388,16.926643
2020-10-20,12736.950195,338.610138,23.65064,140.940826,116.759033,17.270481
2020-10-21,12557.639648,337.969177,23.562466,140.336304,116.123123,16.946293
2020-10-22,12543.05957,339.823029,24.365843,141.457581,115.010269,17.044531
2020-10-23,12645.75,340.976807,24.395233,141.613586,114.304817,17.093651
2020-10-26,12177.179688,334.675598,24.042532,140.375305,114.314751,16.64175
2020-10-27,12063.570313,333.52179,23.36652,139.57576,115.854843,16.160378
2020-10-28,11560.509766,322.122406,22.994221,134.90538,110.489349,15.266398
2020-10-29,11598.070313,325.396271,23.062805,133.764587,114.583023,15.551292
2020-10-30,11556.480469,322.004089,23.219561,133.686569,108.164307,15.29587
2020-11-02,11788.280273,325.613251,23.591858,135.227142,108.074883,15.796891
2020-11-03,12088.980469,331.362244,24.189493,135.041885,109.734207,16.484568
2020-11-04,12324.219727,338.767914,23.199968,135.919388,114.215385,16.111258
2020-11-05,12568.089844,345.374817,24.111115,136.270401,118.26931,16.838228
2020-11-06,12480.019531,345.29599,23.817194,138.698242,118.134956,16.789108
2020-11-09,13095.969727,349.634827,27.197256,142.432617,115.776031,17.339249
2020-11-10,13163.110352,349.12204,27.099283,144.577682,115.427666,18.292171
2020-11-11,13216.179688,351.715546,26.785772,144.109665,118.931198,18.243052
2020-11-12,13052.950195,348.303589,26.148949,144.597183,118.652512,18.046574
2020-11-13,13076.719727,353.125641,26.452663,146.157242,118.702278,18.419882
2020-11-16,13138.610352,357.5336,27.020908,147.083527,119.737419,18.832489
2020-11-17,13133.469727,355.610687,26.991514,145.620972,118.831673,18.77158
2020-11-18,13201.889648,351.330963,26.433067,143.690414,117.478035,18.665482
2020-11-19,13086.160156,352.810089,26.433067,143.466156,118.085182,18.935638
2020-11-20,13137.25,350.394135,26.266514,142.705627,116.79126,18.881607
2020-11-23,13126.969727,352.494537,26.834757,141.252548,113.317581,18.748983
2020-11-24,13292.44043,358.174591,28.392525,141.252548,114.631409,19.560442
2020-11-25,13289.799805,357.622314,28.441513,141.06601,115.487389,19.274567
2020-11-27,13335.679688,358.618347,28.402325,141.380173,116.044762,18.822664
2020-11-30,13291.160156,357.03064,27.589148,142.047806,118.493263,18.233227
2020-12-01,13382.299805,360.935638,28.108404,144.76741,122.146103,19.146854
2020-12-02,13313.240234,361.694946,28.470903,145.44487,122.504417,19.127205
2020-12-03,13252.860352,361.596344,28.500479,146.289215,122.365074,19.056475
2020-12-04,13298.959961,364.712463,28.875095,147.536118,121.678307,19.107559
2020-12-07,13271.0,363.962982,28.677927,146.259781,123.171288,18.930727
2020-12-08,13278.490234,365.027985,28.520195,148.792831,123.79834,18.881607
2020-12-09,13340.259766,361.75412,28.392036,150.314636,121.210495,19.048615
2020-12-10,13295.730469,361.635803,28.697645,149.480103,122.663666,18.847223
2020-12-11,13114.299805,361.211761,28.165293,150.167343,121.837555,18.351116
2020-12-14,13223.160156,359.594543,27.82025,146.357956,121.210495,18.370764
2020-12-15,13362.870117,364.456024,28.234303,147.830658,127.28196,19.608578
2020-12-16,13565.980469,365.027985,28.313169,146.947021,127.212296,20.227488
2020-12-17,13667.25,367.069244,28.421612,150.825165,128.098129,20.074234
2020-12-18,13630.509766,365.603577,28.26388,151.698959,126.06768,19.766745
2020-12-21,13246.299805,364.296356,29.31872,150.236084,127.630325,19.618402
2020-12-22,13418.110352,363.682373,28.796228,149.941544,131.26326,19.696993
2020-12-23,13587.230469,364.009186,29.624329,149.175735,130.347565,20.325727
2020-12-28,13790.290039,368.564636,29.703196,150.402985,136.050766,20.467192
2020-12-29,13761.379883,367.861481,29.584896,151.335709,134.239273,20.453438
2020-12-30,13718.780273,368.386353,29.555321,153.210968,133.09465,20.582132
2021-01-04,13726.740234,365.217377,29.604614,153.652771,128.804825,19.942593
2021-01-05,13651.219727,367.732758,29.831354,155.45929,130.397324,20.198015
2021-01-06,13891.969727,369.931244,31.694584,156.922195,126.007957,20.247135
2021-01-07,13968.240234,375.42749,32.394527,157.452347,130.307755,20.605709
2021-01-08,14049.530273,377.566559,32.069199,157.128357,131.432465,20.423967
2021-01-11,13936.660156,375.021484,32.601551,156.470566,128.376831,19.893473
2021-01-12,13925.05957,375.100677,33.183193,155.253113,128.197662,19.903297
2021-01-13,13939.709961,376.11084,32.986027,155.017471,130.277893,19.824705
2021-01-14,13988.700195,374.793671,33.508518,157.727264,128.307175,20.06048
2021-01-15,13787.730469,372.060425,32.542397,157.383652,126.545425,19.795233
2021-01-19,13815.05957,374.981842,32.305801,159.818527,127.232201,19.844355
2021-01-20,13921.370117,380.171112,31.881891,159.425812,131.412567,20.571325
2021-01-21,13906.669922,380.5177,31.319965,158.787613,136.229919,21.013401
2021-01-22,13873.969727,379.170868,31.103081,160.574509,138.419647,21.537018
2021-01-25,13643.950195,380.66626,30.718605,162.960297,142.251633,20.787451
2021-01-26,13870.990234,380.072083,30.501724,167.378433,142.490524,21.200056
2021-01-27,13620.459961,370.782928,29.407446,164.825745,141.39566,21.219706
2021-01-28,13665.929688,373.971741,29.890505,166.082458,136.448898,21.00849
2021-01-29,13432.870117,366.484985,29.229996,160.162155,131.34288,20.757978
2021-02-01,13622.019531,372.585297,29.535604,159.749786,133.51268,20.743244
2021-02-02,13835.160156,377.85376,30.59045,158.31636,134.358719,21.209881
2021-02-03,13933.629883,378.150848,31.132656,157.579987,133.313644,21.543896
2021-02-04,14060.290039,382.448792,32.039627,159.042892,136.747498,21.239353
2021-02-05,14056.719727,383.954071,31.911465,161.45813,136.323837,21.494774
2021-02-08,14059.910156,386.726959,32.621265,161.919571,136.473373,21.760021
2021-02-09,14011.799805,386.469482,32.483253,163.245026,135.576233,21.632311
2021-02-10,13932.969727,386.301117,32.512825,163.775192,134.958206,21.524246
2021-02-11,14040.910156,386.925018,32.414242,163.038849,134.699051,21.710901
2021-02-12,14049.889648,388.836334,32.897301,163.549393,134.938263,21.651958
2021-02-16,14064.599609,388.499603,33.784557,162.066849,132.765244,21.691254
2021-02-17,13909.269531,388.588745,33.922569,162.646133,130.422729,21.622486
2021-02-18,13886.929688,386.934937,33.705685,162.72467,129.296326,22.432961
2021-02-19,13993.230469,386.251587,34.050728,160.014877,129.455826,22.477167
2021-02-22,13950.040039,383.28067,34.652088,159.916092,125.598167,22.968365
2021-02-23,13864.80957,383.746094,35.016846,158.503357,125.458611,22.988012
2021-02-24,13976.0,387.974731,35.864662,160.627396,124.950233,23.382936
2021-02-25,13879.330078,378.62619,35.421036,160.795334,120.604141,22.644175
2021-02-26,13786.290039,376.675262,34.218319,156.547256,120.873283,23.005695
2021-03-01,14012.820313,385.805939,35.283024,157.396881,127.382462,23.05678
2021-03-02,14039.799805,382.79541,35.026703,157.100494,124.72097,23.47921
2021-03-03,14080.030273,377.725006,35.904095,154.33429,121.670723,24.726851
2021-03-04,14056.339844,373.050751,36.161686,151.222321,119.74688,25.345758
2021-03-05,13920.69043,379.913635,36.587704,154.215744,121.032768,25.326111
2021-03-08,14380.910156,378.022125,36.785851,155.500031,115.988907,25.702368
2021-03-09,14437.94043,383.419342,35.983356,155.796417,120.703819,26.151321
2021-03-10,14540.25,385.805939,37.023621,157.228912,119.597374,28.086637
2021-03-11,14569.389648,389.717682,36.894829,157.21904,121.571045,27.133717
2021-03-12,14502.389648,390.242584,37.588341,157.673492,120.644012,27.281075
2021-03-15,14461.419922,392.569794,37.400101,158.483597,123.594574,29.236038
2021-03-16,14557.580078,392.074646,37.291119,159.422119,125.169533,32.173393
2021-03-17,14596.610352,393.411591,37.598248,158.829376,124.362122,41.584728
2021-03-18,14775.519531,387.687592,38.579071,158.53299,120.145607,35.317055
2021-03-19,14621.0,386.970245,38.172871,158.10817,119.60733,33.548748
2021-03-22,14657.209961,390.06015,37.310932,158.562622,122.99649,37.763214
2021-03-23,14662.019531,386.990082,36.557983,158.414444,122.1492,35.55283
2021-03-24,14610.389648,385.022827,36.557983,159.955612,119.707008,32.900368
2021-03-25,14621.360352,387.188812,37.310932,160.014877,120.205414,32.291283
2021-03-26,14748.94043,393.428345,38.321484,162.939133,120.823441,31.957268
2021-03-29,14817.719727,393.229645,37.95491,164.035736,121.002861,34.039944
2021-03-30,15008.610352,392.186371,38.628609,163.018188,119.517616,37.085365
2021-03-31,15008.339844,393.776062,38.33139,162.366165,121.760445,35.660892
2021-04-01,15107.169922,398.028473,39.123974,160.864502,122.607727,34.953571
2021-04-06,15212.679688,403.502991,39.322121,161.41774,125.807495,36.446808
2021-04-07,15176.360352,403.96994,39.678783,161.635086,127.492104,35.646156
2021-04-08,15202.679688,405.887512,39.332027,161.002823,129.94426,34.874977
2021-04-09,15234.160156,408.838379,39.619339,159.303574,132.575836,34.457462
2021-04-12,15215.0,408.987427,39.68869,159.688858,130.821457,34.148006
2021-04-13,15234.360352,410.199524,38.955547,157.554932,134.001266,33.499626
2021-04-14,15209.150391,408.798676,39.510361,157.989624,131.608932,32.841423
2021-04-15,15255.330078,413.190155,38.380928,158.453949,134.07106,33.342442
2021-04-16,15459.75,414.571228,38.787125,160.281616,133.732147,34.894627
2021-04-19,15368.389648,412.534393,38.806938,160.726196,134.409958,34.25116
2021-04-20,15129.509766,409.514008,37.727043,164.470444,132.685501,33.637165
2021-04-21,15195.969727,413.388855,38.361115,164.579117,133.074234,33.676456
2021-04-22,15320.519531,409.613342,38.004448,163.186127,131.519226,33.047726
2021-04-23,15279.620117,414.054535,38.816845,163.522034,133.891632,33.597866
2021-04-26,15296.339844,414.918915,39.044712,162.138931,134.290359,32.831596
2021-04-27,15249.269531,414.829529,39.510361,161.210266,133.961395,32.969135
2021-04-28,15292.179688,414.710297,39.658966,160.02475,133.153992,32.541794
2021-04-29,15154.200195,417.353149,40.728958,162.217957,133.054306,31.534838
2021-04-30,15135.910156,414.610931,40.154335,160.765701,131.040756,31.151705
2021-05-03,15236.469727,415.505157,40.184059,163.21579,132.117294,31.33836
2021-05-04,14856.480469,412.941742,40.619976,165.744873,127.442261,30.130016
2021-05-05,15170.780273,413.070953,41.006363,165.053329,127.691475,30.768572
2021-05-06,15196.740234,416.369537,41.620613,165.71524,129.326233,30.866812
2021-05-07,15399.650391,419.399872,41.78904,166.466064,130.015213,31.574135
2021-05-10,15400.410156,415.246826,41.660244,168.214706,126.660225,31.426775
2021-05-11,15119.75,411.540863,41.184696,166.841476,125.721642,30.729277
2021-05-12,15150.219727,402.797577,40.798309,166.169678,122.586334,30.149664
2021-05-13,15199.679688,407.636169,41.45219,167.908432,124.783043,30.729277
2021-05-14,15416.639648,413.895569,41.967373,168.165298,127.259331,31.750965
2021-05-17,15396.620117,412.842407,42.343849,168.333252,126.081093,32.118382
2021-05-18,15386.580078,409.285492,41.769222,168.392517,124.663223,31.878677
2021-05-19,15113.55957,408.212433,41.580986,168.026993,124.503464,32.075157
2021-05-20,15370.259766,412.603973,41.481911,169.005035,127.119537,32.473026
2021-05-21,15437.509766,412.266174,42.007004,168.896362,125.242355,32.959309
2021-05-25,15465.089844,415.544861,41.620613,169.075302,126.710159,33.499626
2021-05-26,15450.719727,416.369537,41.650337,168.071274,126.660225,33.470154
2021-05-27,15406.730469,416.588104,42.155609,167.81279,125.092575,34.717796
2021-05-28,15519.980469,417.333313,41.997093,168.250198,124.423584,35.528271
2021-06-01,15567.360352,416.965698,42.522179,164.55217,124.09407,36.024376
2021-06-02,15602.709961,417.621429,42.541992,165.218216,124.872902,37.055893
2021-06-03,15632.669922,416.071472,43.029495,165.059158,123.355186,36.839764
2021-06-04,15692.900391,419.876801,43.049397,164.989578,125.701668,36.834854
2021-06-07,15677.150391,419.469452,42.900158,163.866241,125.711655,37.674797
2021-06-08,15640.599609,419.558868,42.661385,162.42482,126.550392,36.093147
2021-06-09,15581.139648,418.932892,42.104237,164.611816,126.939812,35.988029
2021-06-10,15571.219727,420.880249,41.477448,166.093018,125.921341,35.366173
2021-06-11,15693.269531,421.575775,41.646584,163.98555,127.159477,35.572475
2021-06-14,15673.639648,422.519684,41.149132,164.393112,130.28479,35.317055
2021-06-15,15729.519531,421.74469,41.178978,163.518326,129.44606,35.086193
2021-06-16,15710.570313,419.389923,41.407806,163.458664,129.955292,34.206951
2021-06-17,15727.669922,419.250854,39.597084,164.244003,131.592834,34.23642
2021-06-18,15448.040039,413.595001,38.582287,161.023148,130.264832,33.254028
2021-06-21,15603.240234,419.515991,39.54734,162.872162,132.102081,34.472195
2021-06-22,15636.330078,421.75882,39.76622,162.653458,133.779556,33.794346
2021-06-23,15456.389648,421.250458,39.995049,161.669312,133.499985,33.273674
2021-06-24,15589.230469,423.742462,40.621838,162.404922,133.210419,33.391563
2021-06-25,15607.969727,425.24762,41.407806,163.239975,132.910873,33.165611
2021-06-28,15554.179688,426.104889,41.348114,163.051102,134.578369,32.418995
2021-06-29,15690.589844,426.334167,40.68153,163.061035,136.126053,33.096844
2021-06-30,15531.040039,426.693024,41.019794,163.766846,136.755112,32.301105
2021-07-01,15603.80957,429.05545,41.328217,164.979645,137.064651,32.762829
2021-07-02,15650.089844,432.33493,40.940205,167.981796,139.750626,32.728447
2021-07-06,15511.379883,431.547455,39.865707,166.977768,141.807541,31.800085
2021-07-07,15692.709961,433.072571,39.54734,168.409256,144.353729,32.114449
2021-07-08,15420.639648,429.543884,38.582287,168.081207,143.025711,30.847162
2021-07-09,15687.929688,434.129181,39.835865,168.747253,144.892914,32.810966
2021-07-12,15790.509766,435.684204,40.422855,168.478836,144.283829,33.789433
2021-07-13,15789.639648,434.198975,39.65678,168.270081,145.422119,33.008427
2021-07-14,15788.980469,434.846893,38.66188,169.413284,148.926865,33.47998
2021-07-15,15629.660156,433.361664,38.632034,167.375397,148.257874,32.757919
2021-07-16,15540.30957,429.962524,37.726669,167.106995,146.17099,32.339417
2021-07-19,15133.200195,423.612885,36.741718,165.894211,142.236893,31.249945
2021-07-20,15216.269531,429.683441,37.497841,167.454926,145.931351,31.780436
2021-07-21,15422.5,433.162292,38.263916,168.488785,145.18248,33.117474
2021-07-22,15514.540039,434.069366,37.766464,168.975891,146.580383,32.585999
2021-07-23,15669.290039,438.535095,37.507793,170.775192,148.337753,32.849998
2021-07-26,15618.980469,439.611633,37.9356,170.854721,148.76712,33.200001
2021-07-27,15519.129883,437.608063,37.786366,171.64006,146.55043,33.049999
2021-07-28,15570.360352,437.428619,37.9356,171.162888,144.763107,33.325001
2021-07-29,15640.469727,439.242798,38.482796,171.162888,145.422119,33.654999
2021-07-30,15544.389648,437.10965,38.164429,171.18277,145.641785,33.189999
2021-08-02,15568.730469,436.192566,37.766464,171.252365,145.302307,33.470001
2021-08-03,15555.080078,439.741211,38.353458,173.359833,147.139542,34.349998
2021-08-04,15692.129883,437.578156,38.074886,172.335922,146.730164,34.325001
2021-08-05,15744.669922,440.349274,38.821064,172.663971,146.839996,34.255001
2021-08-06,15761.450195,441.076935,39.945305,172.087402,146.139999,35.139999
2021-08-09,15745.410156,440.718079,40.46265,172.683853,146.089996,34.790001
2021-08-10,15770.709961,441.266327,41.218777,172.7435,145.600006,34.91
2021-08-11,15826.089844,442.362823,41.736126,172.773331,145.860001,35.439999
2021-08-12,15937.509766,443.688568,41.935108,174.165054,148.889999,36.669998
2021-08-13,15977.44043,444.496002,41.417759,175.208847,149.100006,36.465
2021-08-16,15925.730469,445.542633,41.079491,176.789459,151.119995,35.360001
2021-08-17,15921.950195,442.622009,40.880508,178.409836,150.190002,34.009998
2021-08-18,15965.969727,437.777496,40.582039,176.143295,146.360001,34.02
2021-08-19,15765.80957,438.455322,39.985096,177.515152,146.699997,32.959999
2021-08-20,15808.040039,441.944153,40.164177,178.380005,148.190002,32.669998
2021-08-23,15852.790039,445.831726,40.701427,177.610001,149.710007,32.73
2021-08-24,15905.849609,446.539429,41.26852,175.389999,149.619995,33.195
2021-08-25,15860.660156,447.47644,41.935108,174.229996,148.360001,33.419998
2021-08-26,15793.620117,444.8349,41.825668,173.300003,147.539993,32.970001
2021-08-27,15851.75,448.812164,42.273373,172.929993,148.600006,33.259998
2021-08-30,15887.30957,450.785828,41.447601,173.660004,153.119995,33.740002
2021-08-31,15835.089844,450.117981,41.537144,173.130005,151.830002,33.43
2021-09-01,15824.290039,450.357178,40.98,173.740005,152.509995,34.400002
2021-09-02,15840.589844,451.742767,41.02,174.929993,153.649994,34.900002
2021-09-03,15781.200195,451.633118,41.049999,175.039993,154.300003,34.18
2021-09-07,15843.089844,450.01828,41.32,172.320007,156.690002,33.849998
2021-09-08,15610.280273,449.470062,40.779999,171.899994,155.110001,32.919998
2021-09-09,15623.150391,447.546234,40.93,168.070007,154.070007,32.84
2021-09-10,15609.80957,444.017517,40.27,166.970001,148.970001,33.042
2021-09-13,15701.419922,445.15387,40.939999,165.800003,149.550003,33.509998
2021-09-14,15722.990234,442.751587,39.84,164.800003,148.119995,33.014999
2021-09-15,15616.0,446.449738,40.139999,165.419998,149.029999,33.279999
2021-09-16,15651.75,445.742004,40.450001,165.220001,148.789993,32.810001
2021-09-17,15490.169922,441.399994,40.5,164.75,146.059998,31.799999
2021-09-20,15132.05957,434.040009,39.110001,163.809998,142.940002,30.485001
2021-09-21,15348.530273,433.630005,39.130001,164.529999,143.429993,30.85
2021-09-22,15506.740234,437.859985,40.139999,163.929993,145.850006,31.18
2021-09-23,15643.969727,443.179993,41.689999,164.860001,146.830002,31.68
2021-09-24,15531.75,443.910004,42.139999,164.360001,146.919998,31.388
2021-09-27,15573.879883,442.640015,43.259998,163.169998,145.369995,32.119999
2021-09-28,15248.55957,433.720001,43.16,162.809998,141.910004,31.719999
